#Stereo rect[ms], MP culling[ms], MP creation[ms], LBA[ms], KF culling[ms], Total[ms]
8.897381,0.032480,0.363622,0.014816,0.014816,9.320747
9.101224,0.079809,0.825549,0.005024,0.005024,10.015670
9.301772,0.137250,1.609912,0.193474,0.193474,16.956542
9.831507,0.184451,2.434980,0.320420,0.320420,24.261131
10.143256,0.190403,3.319122,0.397254,0.397254,28.953842
10.573599,0.172067,27.886210,0.594281,0.594281,65.752762
11.487596,0.309093,32.711018,0.768363,0.768363,81.205473
12.689374,0.474983,35.671159,0.673514,0.673514,91.982851
11.122310,0.475208,36.553763,0.885197,0.885197,94.468040
13.939185,0.392998,37.875736,81.647848,81.647848,196.016923
14.582203,0.323364,40.946406,0.974543,0.974543,120.267947
10.736673,0.318340,37.916921,1.227123,1.227123,111.655530
11.068678,0.244003,35.671191,1.371092,1.371092,115.127678
12.123286,0.379269,31.568057,1.701721,1.701721,110.568345
12.543612,0.343462,42.212920,1.934397,1.934397,120.366477
12.710078,0.225796,35.705495,1.775514,1.775514,118.225132
13.420841,0.241668,34.421764,2.452804,2.452804,125.560154
12.388090,0.237476,26.676720,2.125088,2.125088,118.291950
16.658298,0.202947,40.817668,2.837994,2.837994,148.958490
13.131525,0.152098,43.137158,3.040877,3.040877,146.875994
13.271527,0.212515,41.069640,3.004045,3.004045,155.589565
24.576561,0.722987,66.560677,4.549156,4.549156,214.057993
10.961636,0.326693,35.826425,4.926986,4.926986,163.609653
23.253180,0.434503,75.982451,4.081021,4.081021,434.166221
15.434600,0.333509,53.179901,4.637894,4.637894,177.463365
25.630112,0.469127,70.295166,4.201471,4.201471,205.664427
25.756098,0.399526,70.051994,3.694648,3.694648,205.459720
24.919478,0.508775,78.136116,3.935579,3.935579,235.905521
15.774732,0.319237,54.570450,4.118173,4.118173,199.506126
13.304552,0.271140,36.966090,3.799097,3.799097,183.820260
16.358645,0.297253,42.366331,5.926809,5.926809,197.911639
29.232406,0.389414,71.292845,4.576900,4.576900,259.502643
30.894351,0.426438,73.496846,5.897305,5.897305,253.761372
27.237049,0.420902,69.493234,6.324479,6.324479,255.482838
14.392472,0.378790,34.334851,6.129372,6.129372,191.643769
14.097779,0.185379,32.699626,7.910391,7.910391,151.698466
16.937790,0.183235,47.062722,6.478625,6.478625,200.082232
16.283892,0.090337,47.002817,6.312830,6.312830,219.889312
9.544111,0.038753,0.501927,0.005280,0.005280,10.094743
9.446829,0.101954,0.801804,0.004064,0.004064,10.359451
9.551088,0.115393,1.175858,0.291813,0.291813,21.714022
9.834003,0.118626,1.367060,0.501703,0.501703,20.513203
10.038199,0.020128,1.888700,0.564361,0.564361,23.204316
10.281818,0.026977,2.363715,0.748044,0.748044,26.040231
10.448797,0.027200,2.579271,0.875054,0.875054,27.162200
10.677984,0.031648,3.152496,1.028688,1.028688,30.221829
11.057126,0.036353,3.494324,1.061072,1.061072,34.587975
11.239817,0.016160,3.936187,45.369032,45.369032,79.906990
11.675535,0.022048,4.497315,0.831821,0.831821,47.837773
11.832978,0.008448,5.062828,1.438934,1.438934,51.397507
9.044008,0.039585,0.477191,0.005184,0.005184,9.570736
9.209450,0.129250,1.341364,0.005312,0.005312,10.689600
10.004406,0.275588,6.714405,0.331589,0.331589,33.392916
10.432796,0.388614,18.356563,0.678186,0.678186,57.605279
11.441611,0.383398,14.326071,1.005871,1.005871,60.228551
11.949076,0.415526,15.030049,1.261235,1.261235,69.716982
12.363865,0.381478,42.392955,1.348340,1.348340,116.168845
14.050930,0.418311,37.222382,1.404021,1.404021,116.258830
13.612428,0.336166,31.931230,1.474998,1.474998,116.099885
16.255795,0.443431,51.924042,56.375853,56.375853,199.221610
16.686778,0.373157,50.777433,1.577272,1.577272,127.508535
11.584590,0.321508,35.254897,1.858556,1.858556,119.371965
18.641528,0.522792,54.392495,2.137344,2.137344,147.818440
19.498532,0.526216,60.054404,2.143040,2.143040,174.211219
19.397219,0.516328,45.404585,2.967692,2.967692,147.224255
13.371336,0.320005,39.219532,2.749577,2.749577,137.785553
13.156773,0.393574,38.400576,2.906123,2.906123,144.670713
12.218135,0.411686,36.469315,3.374835,3.374835,180.460497
14.589787,0.549896,43.673518,2.962349,2.962349,182.509808
16.599865,0.526632,60.041956,3.773112,3.773112,198.894213
12.140214,0.495784,40.626945,4.020348,4.020348,183.539328
18.476149,0.558601,62.900559,5.514195,5.514195,236.706077
13.095492,0.530824,41.368045,5.248015,5.248015,191.893757
10.807938,0.528360,39.505904,4.835305,4.835305,401.805383
12.573756,0.715211,44.388633,5.437201,5.437201,201.099782
12.227287,0.634922,48.736794,5.393105,5.393105,208.552150
12.845376,0.802380,44.145110,4.123166,4.123166,191.334772
13.808111,0.945422,47.647019,4.231839,4.231839,200.458045
13.848783,0.918030,46.151956,4.779656,4.779656,204.514746
11.049094,0.576328,32.318629,4.256320,4.256320,197.589618
13.277223,0.805900,44.084149,3.629591,3.629591,204.817535
9.923157,0.559112,38.187036,3.917947,3.917947,193.704280
10.246906,0.597001,35.742360,5.006283,5.006283,197.191500
8.905285,0.428839,34.345987,3.504756,3.504756,194.077309
9.059496,0.464263,33.724154,4.396353,4.396353,193.998013
9.360269,0.474311,32.529383,5.099277,5.099277,213.305118
7.262829,0.368486,22.790773,5.406065,5.406065,205.618923
8.794276,0.288772,29.431929,6.573314,6.573314,194.747047
9.553456,0.349637,27.595485,5.759031,5.759031,195.014124
9.658737,0.367270,28.567852,6.864071,6.864071,224.438341
11.103942,0.417063,32.130465,5.702133,5.702133,206.153138
9.704114,0.334309,29.798654,8.251452,8.251452,215.020056
7.912183,0.294084,25.122937,6.655075,6.655075,195.060140
9.285228,0.338117,30.907567,3.583382,3.583382,221.038130
7.819541,0.318149,24.414222,8.139898,8.139898,198.138906
9.409805,0.279044,28.702607,3.887130,3.887130,214.452175
16.007856,0.535752,45.490602,3.868858,3.868858,248.970132
12.827072,0.400646,36.671302,5.192398,5.192398,198.337469
15.122499,0.358693,37.639636,6.751494,6.751494,229.513681
8.734083,0.334053,27.567230,5.449234,5.449234,189.462521
10.792258,0.361158,36.019868,5.806712,5.806712,196.736774
10.850851,0.441542,34.186913,4.346241,4.346241,204.259862
11.687599,0.434471,35.737687,6.002202,6.002202,206.404598
8.907109,0.333669,27.160472,7.306062,7.306062,192.385668
18.395667,0.637706,55.775332,8.445758,8.445758,224.403907
10.436989,0.294084,33.690617,7.656242,7.656242,206.610809
11.489068,0.365445,38.020858,6.279742,6.279742,199.093672
11.525581,0.394502,36.139486,7.733012,7.733012,193.917403
11.723824,0.443719,37.540146,5.763607,5.763607,209.492805
10.454237,0.388133,34.482885,7.856630,7.856630,195.471826
10.920260,0.426343,37.561715,6.780902,6.780902,194.333666
10.695072,0.303941,36.066844,8.040345,8.040345,192.309667
12.738655,0.241123,43.575405,7.303342,7.303342,208.559222
9.879540,0.311364,35.541717,4.725351,4.725351,194.238079
11.224776,0.298628,34.300483,7.332814,7.332814,203.822639
10.438044,0.228100,35.037517,4.870377,4.870377,197.215372
20.048588,0.518600,66.100831,7.165291,7.165291,671.330479
16.007056,0.881549,73.755601,4.930378,4.930378,258.095325
11.818769,0.553064,45.977105,5.134253,5.134253,212.474161
9.157065,0.594793,28.557292,10.227769,10.227769,194.599589
9.133961,0.492584,30.069570,6.426560,6.426560,200.186905
9.141033,0.484776,29.533658,8.776675,8.776675,205.190404
8.633153,0.485000,28.375497,7.491280,7.491280,195.956921
8.679362,0.434567,27.169303,7.440815,7.440815,199.159434
8.297820,0.558536,25.684417,7.311437,7.311437,200.253273
11.253736,0.943727,44.303160,9.407373,9.407373,237.655018
8.892997,0.867565,27.781665,8.075065,8.075065,195.531379
8.723299,0.562473,27.163671,11.167623,11.167623,201.512685
7.588626,0.700235,24.013224,11.745808,11.745808,196.175709
7.975928,0.777803,23.878534,8.889669,8.889669,196.445185
7.649586,0.653546,24.407214,10.796642,10.796642,198.194587
8.111066,0.738763,24.993431,11.109895,11.109895,198.160667
14.762685,0.846861,52.514643,11.317834,11.317834,243.987978
14.600027,1.126705,49.471398,9.527183,9.527183,251.757182
10.000918,0.741675,31.344534,10.406844,10.406844,212.281038
8.499551,0.541256,27.218040,12.387770,12.387770,207.305828
7.889878,0.619146,25.689217,9.505199,9.505199,204.700861
9.126153,0.648810,31.033649,7.395727,7.395727,208.166865
10.993157,1.029456,50.274705,8.063385,8.063385,239.934093
9.403501,0.945262,37.424081,5.906424,5.906424,130.366434
11.895058,1.008975,50.826810,4.637126,4.637126,228.000314
8.525408,0.563560,38.206909,7.595954,7.595954,207.943405
8.548384,0.591593,32.304740,6.804806,6.804806,196.449760
9.714161,0.592393,35.370226,8.081146,8.081146,203.927057
12.775583,0.891598,49.203105,7.192940,7.192940,222.846412
8.715107,0.415846,25.569151,4.875209,4.875209,196.585955
12.305944,0.910382,53.213534,6.221085,6.221085,227.834679
10.035511,0.834508,45.540939,6.343999,6.343999,211.308640
8.465214,0.647850,33.180658,5.953369,5.953369,191.315891
10.071095,0.534888,31.635387,5.821111,5.821111,191.254259
9.058056,0.574473,29.013395,6.462721,6.462721,187.688574
9.244811,0.648585,30.715117,5.423249,5.423249,191.934781
9.360492,0.724683,30.217477,5.169742,5.169742,186.164487
14.499353,0.693099,42.874722,5.550548,5.550548,224.205185
8.030393,0.554952,21.454466,6.098844,6.098844,197.464977
9.501710,0.657834,27.264953,4.011869,4.011869,189.260469
9.813619,0.708939,27.244345,5.179950,5.179950,200.355004
13.958129,0.860941,45.486570,7.794517,7.794517,223.338868
13.537899,0.930062,44.233239,5.168973,5.168973,216.789202
8.381598,0.583400,29.605532,6.160316,6.160316,193.603510
13.190534,0.499911,43.725968,6.615332,6.615332,214.159723
8.379902,0.586697,29.713917,7.517297,7.517297,186.420491
7.605138,0.645930,27.063574,3.294066,3.294066,100.515267
6.917256,0.276228,26.485197,6.355328,6.355328,167.982871
10.796001,0.676715,38.976008,4.606405,4.606405,117.685220
11.523533,0.504135,40.227099,3.636022,3.636022,127.112689
11.236169,0.766987,43.187848,3.511797,3.511797,120.772275
11.141799,0.680299,45.939088,6.134044,6.134044,191.499607
11.617966,1.036208,41.804754,6.381120,6.381120,187.155862
11.980084,1.194706,25.974725,6.417088,6.417088,186.367338
12.260375,1.064496,40.196059,4.134846,4.134846,189.387799
12.414234,1.121521,43.609934,5.501746,5.501746,194.927754
11.274633,0.909038,28.474699,5.711414,5.711414,183.482207
8.932198,0.902062,29.598204,5.146957,5.146957,178.369138
12.845697,1.112561,45.322247,4.619845,4.619845,197.126763
11.955988,1.230834,37.820823,4.169055,4.169055,183.196283
11.178504,0.952302,34.135455,3.436660,3.436660,187.924289
14.414744,0.818028,49.252930,4.873641,4.873641,196.637860
15.060322,0.790572,50.265745,4.140094,4.140094,197.852726
15.836718,0.699434,54.346959,6.797446,6.797446,206.654618
15.880878,0.730763,54.483856,3.474260,3.474260,205.958607
16.541751,0.606762,55.312061,7.727604,7.727604,217.696127
10.986980,0.575305,42.855714,7.940119,7.940119,191.570039
9.529039,0.404486,31.187060,7.834773,7.834773,180.170925
10.958084,0.662634,38.041402,7.854006,7.854006,186.332233
10.732897,0.519048,36.027196,7.039146,7.039146,181.329279
9.473070,0.531848,36.341537,6.816742,6.816742,179.288863
8.889605,0.601481,32.764235,8.397982,8.397982,174.387638
9.719922,0.474663,33.412885,5.351984,5.351984,173.025602
10.644671,0.652042,42.722432,5.660340,5.660340,198.452830
7.872310,0.527592,33.170898,7.745428,7.745428,189.208117
8.415550,0.496872,29.511322,8.603169,8.603169,176.435605
10.067991,0.642474,37.316815,7.710868,7.710868,199.335757
10.207257,0.701642,39.597618,4.651045,4.651045,218.782831
10.325275,0.668554,42.420508,6.294430,6.294430,213.860582
7.242637,0.474247,25.839651,8.040441,8.040441,190.090626
10.023542,0.434887,33.238034,8.401982,8.401982,191.677177
9.930325,0.543528,29.687869,6.031066,6.031066,210.180430
7.297389,0.503080,21.594084,4.824296,4.824296,170.450171
12.488219,0.728267,42.194169,5.423665,5.423665,209.867626
6.584643,0.547752,20.599157,6.332095,6.332095,172.000402
10.800162,0.751211,38.435392,6.354303,6.354303,206.870109
6.908232,0.453735,25.273594,5.506803,5.506803,192.014783
10.814467,0.584904,40.920006,7.226477,7.226477,210.820185
8.362333,0.486728,27.437595,8.010968,8.010968,191.207794
6.503745,0.419623,20.765751,5.844535,5.844535,172.816350
4.883945,0.276165,16.613753,8.579200,8.579200,164.980873
5.131853,0.244196,16.834940,4.654118,4.654118,162.265921
5.064652,0.231012,16.833500,7.121259,7.121259,163.403186
4.990315,0.224611,16.009424,8.469983,8.469983,161.720888
4.745127,0.237156,16.427606,5.101772,5.101772,160.043263
4.936714,0.206179,16.124786,7.925911,7.925911,158.811469
4.851561,0.151810,16.383638,5.593844,5.593844,158.903022
9.175562,0.251588,31.593465,4.852073,4.852073,220.777230
5.597747,0.191939,20.357809,7.949400,7.949400,166.917542
5.008363,0.160482,16.663386,9.099113,9.099113,162.899402
6.569219,0.228003,27.118135,8.666113,8.666113,198.666051
5.501426,0.169923,21.185277,5.889816,5.889816,167.534991
8.861317,0.264036,34.167424,4.949482,4.949482,187.502170
6.985545,0.250180,30.160548,9.537359,9.537359,180.313039
9.214218,0.352837,41.375596,4.483139,4.483139,201.497452
9.217738,0.289349,36.635109,6.825190,6.825190,188.969297
9.454382,0.304901,36.703110,5.203214,5.203214,185.294202
8.898022,0.233059,38.380831,6.166845,6.166845,176.299283
7.766069,0.244419,38.036027,5.447026,5.447026,175.039680
8.035161,0.218723,44.630845,6.046426,6.046426,178.375954
8.449086,0.214627,50.475221,7.034922,7.034922,195.271951
8.270972,0.297284,43.062726,6.661444,6.661444,172.187637
5.508018,0.237508,26.359083,6.107708,6.107708,144.257522
10.024342,0.314949,56.132554,5.312079,5.312079,191.407125
10.302363,0.294308,61.016723,6.126588,6.126588,188.649292
11.273993,0.354309,50.934236,6.129692,6.129692,195.538771
11.748560,0.428103,55.687650,6.313311,6.313311,185.175352
10.766721,0.286340,46.994785,7.152619,7.152619,176.876347
7.642930,0.387974,38.868455,4.703814,4.703814,178.899706
7.752405,0.227875,38.394559,6.025146,6.025146,166.986759
7.001609,0.162627,29.747486,10.304347,10.304347,166.189884
4.753448,0.116129,19.222688,6.513249,6.513249,138.632830
8.075449,0.125986,33.249523,5.256591,5.256591,161.767097
7.305325,0.143938,33.259795,7.688595,7.688595,156.719853
3.612086,0.118018,14.572922,4.306721,4.306721,116.053196
5.120045,0.140834,18.939996,7.448112,7.448112,135.389806
4.682982,0.128706,16.682586,5.096012,5.096012,137.559182
5.385712,0.116418,17.641289,7.989112,7.989112,122.695407
6.334559,0.127041,20.976859,4.969451,4.969451,130.577797
7.625906,0.150946,29.299415,5.780887,5.780887,157.120435
7.489008,0.136226,26.560302,5.793430,5.793430,93.041811
7.763060,0.130434,26.381676,6.769734,6.769734,92.242983
7.701235,0.111330,27.365370,6.655331,6.655331,93.035794
6.878855,0.121122,23.690467,6.547298,6.547298,78.846973
6.384224,0.103713,20.243920,7.497777,7.497777,91.712511
7.461552,0.082690,25.235706,7.144715,7.144715,96.248035
7.355886,0.121154,24.284940,7.141931,7.141931,93.257334
7.177004,0.109089,24.837845,6.535457,6.535457,87.828581
7.525297,0.137474,27.721023,7.135211,7.135211,105.539982
7.319086,0.236323,28.874929,6.617987,6.617987,104.547327
7.807125,0.350885,29.154293,6.066523,6.066523,141.980752
7.954135,0.252420,26.938163,7.400271,7.400271,142.587929
7.779156,0.296709,27.416891,9.130665,9.130665,125.826334
3.943227,0.162818,13.449866,6.389632,6.389632,95.283700
4.109374,0.167234,11.576910,5.463281,5.463281,92.493322
4.474307,0.169603,14.132692,5.572372,5.572372,95.723899
4.862313,0.172899,15.184068,7.932439,7.932439,101.561811
8.512287,0.219364,28.847696,6.408224,6.408224,141.175332
8.620641,0.219332,28.567436,6.323391,6.323391,135.948950
9.371404,0.208035,30.155172,8.789764,8.789764,138.740640
9.025159,0.277189,34.288610,6.848935,6.848935,140.123829
9.187881,0.226500,33.364980,8.428862,8.428862,136.115576
9.691473,0.267588,29.539483,9.817076,9.817076,138.290649
9.624913,0.220579,27.097398,6.215997,6.215997,133.675700
9.034407,0.212739,26.155240,9.946901,9.946901,143.488742
9.877044,0.178211,30.671948,5.755222,5.755222,130.529765
10.423356,0.213731,32.756971,9.351308,9.351308,138.027797
10.114904,0.216643,34.552710,9.230123,9.230123,132.066716
8.762787,0.205827,30.310055,7.312046,7.312046,128.567239
10.369724,0.239139,34.253058,8.404190,8.404190,133.618483
10.494589,0.221379,32.972399,7.046185,7.046185,132.052251
10.915204,0.218211,36.930346,6.313887,6.313887,131.398194
14.048787,0.271364,44.258103,9.439182,9.439182,149.540738
10.297434,0.272132,34.780554,9.318508,9.318508,135.343821
10.081079,0.215491,34.119072,7.718547,7.718547,130.386659
15.165859,0.375750,55.129082,9.511374,9.511374,180.501329
13.834351,0.284549,42.856354,6.754341,6.754341,146.996155
10.525533,0.258148,35.131727,9.273419,9.273419,140.136916
16.360405,0.298084,54.479089,8.657697,8.657697,182.166186
13.347720,0.270052,39.838933,7.079882,7.079882,148.770742
10.177305,0.164738,33.020367,8.744259,8.744259,140.573659
10.561342,0.233348,31.236564,8.200955,8.200955,131.359473
11.906994,0.193027,36.712135,9.680177,9.680177,139.414570
12.085718,0.205379,35.701815,9.792978,9.792978,138.225752
12.455835,0.201475,39.468655,6.659812,6.659812,140.309559
16.781083,0.280773,52.688117,10.086167,10.086167,185.152855
12.976258,0.274276,43.649071,8.836420,8.836420,153.519261
10.330554,0.218628,34.602598,10.315931,10.315931,139.697806
15.788205,0.334885,52.676246,9.000103,9.000103,165.788662
8.104314,0.223011,24.309869,11.427787,11.427787,138.744320
10.442717,0.284964,29.980258,9.026151,9.026151,137.548206
10.629215,0.414055,31.294005,8.948518,8.948518,143.112801
9.905973,0.458247,30.361063,9.490479,9.490479,145.937068
9.298827,0.398502,29.919008,8.185946,8.185946,142.284820
9.913653,0.473479,27.774912,9.455406,9.455406,146.489940
8.741667,0.489575,27.475260,10.633311,10.633311,147.732774
8.129529,0.463719,26.774226,11.646799,11.646799,147.039548
8.103194,0.434310,28.662222,9.603056,9.603056,148.383728
8.332573,0.410726,33.838203,11.536717,11.536717,163.062604
10.431036,0.748780,50.375155,11.254697,11.254697,189.355767
9.225898,0.616777,49.566503,13.166053,13.166053,195.200558
8.915654,0.522504,47.820365,9.202314,9.202314,196.003579
9.529007,0.607209,52.953274,13.695694,13.695694,195.986810
9.293675,0.557480,48.609049,10.979588,10.979588,148.407120
8.922726,0.407398,54.223117,15.607722,15.607722,205.844654
7.938007,0.648777,46.448825,12.126806,12.126806,196.500033
9.249035,0.651210,47.030401,10.241145,10.241145,195.456018
9.194569,0.493032,45.170725,11.322186,11.322186,200.033078
9.626992,0.556456,50.692696,13.420457,13.420457,196.560994
8.247772,0.497159,41.898293,14.470809,14.470809,198.092890
8.463455,0.473831,37.228302,14.030291,14.030291,177.396004
9.787123,0.429479,43.066693,11.654287,11.654287,196.076252
9.876660,0.514536,40.357533,11.270505,11.270505,198.435486
9.463726,0.538888,37.040331,11.048230,11.048230,193.932923
9.618192,0.536296,38.961865,9.539247,9.539247,196.907208
9.913013,0.510375,39.543409,10.522717,10.522717,193.016621
8.583168,0.423111,34.196448,12.883970,12.883970,200.991045
9.556847,0.467175,38.311583,12.721631,12.721631,196.729605
16.397238,0.613065,55.599522,12.616445,12.616445,223.706426
12.114357,0.503912,48.018960,13.540203,13.540203,213.049849
8.804484,0.647273,37.839576,12.109941,12.109941,202.373785
8.404414,0.390982,37.415569,12.738463,12.738463,207.459238
9.091368,0.484839,36.998475,13.392552,13.392552,212.254861
9.186633,0.557065,37.379536,14.977729,14.977729,214.145194
8.770531,0.521928,36.315521,16.379541,16.379541,217.639070
8.882885,0.574440,35.901371,14.434136,14.434136,217.274329
9.135561,0.714123,37.194702,15.584265,15.584265,221.605242
12.033204,0.787436,49.565831,10.608287,10.608287,253.268276
8.579648,0.565129,33.536823,10.813602,10.813602,221.486872
8.772643,0.731051,39.668115,10.878851,10.878851,224.657287
8.906086,0.682218,39.599473,12.259352,12.259352,225.592758
8.969702,0.846605,41.804723,14.220149,14.220149,249.970275
9.489966,0.896877,41.443022,14.621340,14.621340,237.689131
12.023796,0.779212,48.723994,16.257364,16.257364,257.592469
9.487438,0.726699,38.006650,17.155906,17.155906,236.330263
12.270456,0.766923,47.468104,17.810731,17.810731,262.057816
10.028727,0.551016,42.407356,15.926511,15.926511,263.255467
10.640224,0.584872,43.265577,11.278505,11.278505,262.445374
11.005989,0.435847,43.530124,16.448823,16.448823,264.144408
10.435613,0.482407,42.621983,22.326191,22.326191,267.491530
10.409244,0.464263,42.295002,16.810844,16.810844,260.744197
10.723937,0.392805,42.901732,16.604281,16.604281,260.934375
11.031078,0.475527,44.214007,11.641262,11.641262,260.766629
11.635119,0.405510,43.935250,12.926050,12.926050,265.280617
11.580974,0.331749,43.920978,13.063012,13.063012,265.499052
11.743152,0.326885,44.823776,12.791968,12.791968,265.568365
12.053620,0.268388,44.539900,19.786281,19.786281,265.712815
11.699855,0.301125,44.395545,19.947467,19.947467,266.683741
10.641247,0.395430,45.974897,14.603707,14.603707,265.728143
9.558192,0.468199,44.229399,23.399359,23.399359,272.620983
9.074728,0.532232,38.694020,19.974635,19.974635,266.000211
8.369853,0.612169,35.258289,26.497933,26.497933,265.953170
7.834677,0.538888,31.439352,31.659451,31.659451,249.575261
7.653235,0.756843,32.967886,20.820888,20.820888,166.997255
9.192169,1.100753,45.027011,13.738222,13.738222,172.348151
9.212138,0.886189,42.002998,15.073282,15.073282,241.753768
7.963383,0.616169,35.580342,8.567585,8.567585,139.291368
9.581999,0.547080,44.361081,11.775921,11.775921,252.196708
8.196539,0.637449,37.003371,12.107062,12.107062,233.760912
10.873346,0.704715,45.552171,5.208654,5.208654,259.211309
8.707043,0.487207,36.903145,13.157765,13.157765,241.012733
10.834722,0.459527,43.896658,6.041115,6.041115,260.000953
11.833425,0.475048,51.234719,5.839800,5.839800,265.910322
9.205674,0.386181,39.250573,10.947268,10.947268,262.573279
18.663863,0.538088,57.394749,6.141724,6.141724,278.864276
14.450744,0.426247,49.415909,6.678404,6.678404,272.002029
12.071061,0.421767,49.016158,8.318525,8.318525,272.038478
14.152948,0.452550,52.757399,11.116199,11.116199,275.226941
14.438296,0.465319,51.195040,11.135463,11.135463,276.627890
14.441337,0.566504,53.428961,5.975386,5.975386,279.590879
13.546027,0.441990,46.475289,11.310762,11.310762,271.531814
9.865332,0.384262,36.228159,11.016357,11.016357,262.543391
20.201486,0.540105,82.731896,10.190169,10.190169,322.384512
12.653406,0.369445,53.036219,12.029684,12.029684,263.310187
13.056996,0.351941,52.382929,6.453505,6.453505,264.882659
23.808741,0.504968,86.806165,12.780096,12.780096,315.637148
25.417213,0.434759,63.913502,7.915575,7.915575,282.183622
25.449374,0.569512,88.263692,6.961768,6.961768,313.948258
13.162214,0.312676,41.891316,8.774083,8.774083,254.911085
13.605644,0.321829,43.264520,10.284346,10.284346,263.777074
13.927825,0.311972,42.523518,11.129479,11.129479,256.836970
30.282469,0.378534,86.659027,12.082645,12.082645,329.985394
16.834940,0.325253,51.414274,13.252487,13.252487,277.558432
31.458903,0.430247,76.175381,16.290164,16.290164,328.675166
27.820993,0.317477,64.788747,10.903140,10.903140,309.090009
16.638681,0.318789,48.054224,10.767393,10.767393,270.348404
14.273014,0.267844,39.503216,13.080932,13.080932,259.612467
16.623929,0.320261,41.013927,9.414190,9.414190,266.833024
26.584911,0.445222,61.449402,11.283561,11.283561,316.681771
14.980257,0.291108,40.286556,9.353900,9.353900,309.250588
12.184375,0.309701,32.317860,9.103368,9.103368,262.978470
13.994994,0.247908,37.196173,11.317258,11.317258,262.496479
13.452490,0.240515,33.610200,9.378636,9.378636,264.398139
13.125124,0.165283,34.582790,13.606380,13.606380,256.833961
9.943221,0.245156,23.264925,14.533018,14.533018,226.352033
8.299836,0.282724,21.475778,10.450332,10.450332,131.469938
13.557643,0.262692,44.809984,8.397310,8.397310,168.611583
13.391881,0.250020,49.575399,8.975687,8.975687,176.148657
14.709341,0.216867,54.997624,9.157321,9.157321,198.000120
12.643294,0.176994,35.652055,11.466700,11.466700,145.434660
12.500251,0.157955,45.564427,9.029991,9.029991,146.260272
9.094313,0.100193,32.391334,8.676482,8.676482,127.425526
11.123110,0.143490,37.252367,9.214634,9.214634,137.002629
11.020549,0.126146,37.751254,9.575919,9.575919,121.769697
10.461981,0.114370,40.155450,8.129529,8.129529,97.138224
8.643874,0.086881,28.966610,4.760264,4.760264,74.747297
10.397116,0.135106,40.302044,7.378063,7.378063,92.929233
14.280214,0.166467,60.408745,8.703458,8.703458,127.053584
