#Stereo rect[ms], MP culling[ms], MP creation[ms], LBA[ms], KF culling[ms], Total[ms]
9.234935,0.083969,0.914379,0.015425,0.015425,10.261220
10.198787,0.360645,5.053665,0.005696,0.005696,15.623337
8.782417,0.390629,6.342770,0.254883,0.254883,65.961810
12.616259,0.709833,11.897177,0.671689,0.671689,74.493984
12.199197,0.708873,24.798272,1.234832,1.234832,90.421581
13.949076,0.726057,33.670418,1.352753,1.352753,121.540190
12.731844,0.599784,22.771909,2.063962,2.063962,91.509915
7.947239,0.550215,22.856870,2.126171,2.126171,94.473986
9.256439,0.582440,27.586243,2.093691,2.093691,120.070219
6.348722,0.440645,18.592688,61.004786,61.004786,169.382502
6.041870,0.120194,1.251920,0.006272,0.006272,7.425312
8.581807,0.504134,10.337029,0.004289,0.004289,19.430619
7.106140,0.865611,9.552379,0.613864,0.613864,53.241902
2.913637,0.714793,5.879052,0.919948,0.919948,32.552035
2.732675,0.365477,4.742173,0.980780,0.980780,32.993545
5.849291,0.307844,9.495450,1.080173,1.080173,55.873455
6.390770,0.471206,7.024219,0.969709,0.969709,52.987019
11.179088,0.836810,17.327648,0.747914,0.747914,73.061101
8.074664,0.731401,15.472584,0.806954,0.806954,63.897847
13.493134,1.004045,28.794035,55.216583,55.216583,159.432870
11.737239,0.810570,28.290221,1.487219,1.487219,90.297227
8.655247,0.518535,21.264370,2.084635,2.084635,79.947846
9.757662,0.568520,24.380410,1.892120,1.892120,111.731648
9.885983,0.535975,27.893832,2.365247,2.365247,111.976803
9.297560,0.520839,30.918318,2.540384,2.540384,116.360379
8.394764,0.463014,29.417243,2.736035,2.736035,117.951631
7.583873,0.432102,26.896763,2.662723,2.662723,116.879650
5.543016,0.473990,20.315302,2.863109,2.863109,116.513534
6.285617,0.343748,24.035542,3.122056,3.122056,123.773755
6.109551,0.336388,21.900218,2.941062,2.941062,99.087709
5.044609,0.348292,18.484399,3.614639,3.614639,84.736260
6.123087,0.228163,23.001128,4.488858,4.488858,97.245669
5.714793,0.207555,19.549436,4.531514,4.531514,105.222252
4.417977,0.225507,13.952692,3.333867,3.333867,90.220779
4.486554,0.205442,14.646493,3.807601,3.807601,89.087804
4.649244,0.215426,14.892992,3.485805,3.485805,89.024795
4.624316,0.209730,14.380058,3.525773,3.525773,87.846988
4.915327,0.204515,14.793503,3.540590,3.540590,87.645226
4.891487,0.177634,14.991906,4.024820,4.024820,87.147523
4.433465,0.242019,15.090339,3.096808,3.096808,69.211548
6.956505,0.308004,25.778349,3.713296,3.713296,87.805003
6.153807,0.292868,22.314304,3.865554,3.865554,144.655528
4.856542,0.214531,18.591344,3.649903,3.649903,67.935755
5.815947,0.213891,25.069283,3.899634,3.899634,81.435481
8.086313,0.194370,50.464747,3.798257,3.798257,102.753229
8.101544,0.276612,37.672357,3.328107,3.328107,133.568409
9.131990,0.333924,36.065201,2.836996,2.836996,116.458205
9.740509,0.409605,38.193933,4.797502,4.797502,133.256853
9.756541,0.455302,35.735565,4.541403,4.541403,135.190606
5.347461,0.297828,16.621462,4.205751,4.205751,91.443643
5.061730,0.287235,14.392794,3.362603,3.362603,86.941409
5.464230,0.318436,16.685047,4.410072,4.410072,94.114620
9.267448,0.474118,39.770208,2.521824,2.521824,148.460698
11.340242,0.745674,46.499415,3.024039,3.024039,167.043081
8.818545,0.821899,30.939407,2.199805,2.199805,110.031754
5.039521,0.441062,17.914887,1.786583,1.786583,101.009046
3.244745,0.401094,10.122466,1.562804,1.562804,72.186338
4.420601,0.299300,14.637277,1.648246,1.648246,79.036251
4.560314,0.345157,13.984884,1.733878,1.733878,78.733718
4.545915,0.306084,13.276587,2.232477,2.232477,82.029569
4.880127,0.314116,14.485787,1.735062,1.735062,84.091196
6.827864,0.298883,19.937953,1.935353,1.935353,92.247748
6.814936,0.373604,17.169214,2.458368,2.458368,94.908391
6.951129,0.453574,15.475432,2.362847,2.362847,75.970835
7.457120,0.415109,19.950977,2.241245,2.241245,119.717638
6.856409,0.460614,19.616604,2.174012,2.174012,82.720138
6.495220,0.539079,18.420909,1.521236,1.521236,85.713937
6.641078,0.511238,19.015285,1.510484,1.510484,123.042034
7.197244,0.470214,19.431451,2.031770,2.031770,86.520059
7.505120,0.510375,18.433005,1.461523,1.461523,79.510816
7.552033,0.581704,19.374810,1.226384,1.226384,93.740088
8.013831,0.604584,20.535881,2.654914,2.654914,118.759802
8.035208,0.503750,20.715851,3.315018,3.315018,118.492663
8.371628,0.561127,19.985634,1.921465,1.921465,100.206635
7.237885,0.439302,15.974382,3.113000,3.113000,116.885859
6.838680,0.484614,15.373702,1.295696,1.295696,81.894463
8.614511,0.455206,19.813535,3.277963,3.277963,119.529733
8.779697,0.446054,20.593801,3.034695,3.034695,123.990206
8.449261,0.495430,19.939073,1.313873,1.313873,112.669868
8.533614,0.664200,20.537001,2.573249,2.573249,124.249985
9.187095,0.645576,21.685240,3.221290,3.221290,129.148001
9.657533,0.802922,23.699922,2.312285,2.312285,122.137159
9.279640,0.744553,22.136190,3.224426,3.224426,121.637952
9.035316,0.761162,21.382580,2.317470,2.317470,122.362665
10.007489,0.725801,23.756114,2.559329,2.559329,122.533675
10.125794,0.736938,26.188977,2.735107,2.735107,127.751886
11.399891,0.840267,29.667902,2.938918,2.938918,132.330314
11.034447,0.853355,26.350675,2.427488,2.427488,128.670043
8.350572,0.713673,18.986644,2.145116,2.145116,116.439901
7.774948,0.781387,18.159434,3.084872,3.084872,117.065509
7.593730,0.780938,18.212778,3.599246,3.599246,118.346389
7.780100,0.685321,19.339354,3.524558,3.524558,121.173178
8.103241,0.696265,22.526882,2.450719,2.450719,126.010681
11.248241,0.786763,27.398113,2.661986,2.661986,139.006496
10.791756,0.791754,26.965947,3.198217,3.198217,142.352331
8.249867,0.763401,23.413614,4.395737,4.395737,138.530586
3.943795,0.617640,11.479924,2.397567,2.397567,83.240273
3.076231,0.615016,9.086357,2.339198,2.339198,67.562150
4.087893,0.397445,14.046005,2.072379,2.072379,76.741886
5.562120,0.320100,16.398068,2.931910,2.931910,91.209656
8.198154,0.429958,22.460865,1.130991,1.130991,116.491710
10.754667,0.733705,31.971612,1.728247,1.728247,132.961874
10.069730,0.870763,30.843886,0.923372,0.923372,128.086131
9.415417,1.197136,31.150449,2.845445,2.845445,148.982528
4.916512,0.492614,15.986446,1.564468,1.564468,83.541749
3.840562,0.569447,10.619017,0.765866,0.765866,63.176206
3.203593,0.520935,10.222884,0.862987,0.862987,59.635009
3.039943,0.326757,10.051873,1.048846,1.048846,63.058509
2.215741,0.197282,8.326827,1.833304,1.833304,63.997913
2.455872,0.205666,8.290955,1.118638,1.118638,59.313533
2.680771,0.218787,8.620111,1.533299,1.533299,62.297667
3.380172,0.214146,9.881440,1.964825,1.964825,63.945848
3.989075,0.225667,11.160944,1.275504,1.275504,73.963929
4.369240,0.220483,12.605314,2.208252,2.208252,128.378806
4.509274,0.241860,12.840933,1.899032,1.899032,67.742185
4.970016,0.253283,13.687441,2.402527,2.402527,125.617939
4.938688,0.309956,14.167927,1.479603,1.479603,75.825426
5.049793,0.352133,14.236727,0.928076,0.928076,81.855295
5.313157,0.395173,13.934099,1.279696,1.279696,431.595003
4.777438,0.492710,9.840671,0.627400,0.627400,57.699272
5.806091,0.361348,14.966401,0.967212,0.967212,76.632476
6.793112,0.681065,15.054946,1.255184,1.255184,127.256841
7.033947,0.709257,17.490497,1.232496,1.232496,128.080179
7.339071,0.781578,19.052534,1.331153,1.331153,128.832957
6.819320,0.557704,18.025320,1.305169,1.305169,116.094169
6.188655,0.430342,15.400359,1.519220,1.519220,109.650277
5.944364,0.429958,17.177149,2.653666,2.653666,105.964982
4.833054,0.284932,11.173232,2.600578,2.600578,83.942266
5.525032,0.261251,13.327948,2.953446,2.953446,87.337926
6.846585,0.284963,15.417863,3.410540,3.410540,92.983439
5.641480,0.250115,13.697809,3.290123,3.290123,84.502209
5.676041,0.230979,14.190935,3.164169,3.164169,84.235518
6.801304,0.243203,17.749829,2.839205,2.839205,113.051122
7.594594,0.268099,18.566895,3.436140,3.436140,102.811661
8.663376,0.385541,24.175544,3.050439,3.050439,118.914269
8.572878,0.327493,25.287686,3.179368,3.179368,125.955512
8.138825,0.375045,22.786949,2.416192,2.416192,118.751643
6.908729,0.335877,23.261196,4.459801,4.459801,126.980485
6.158511,0.285092,19.059957,2.828517,2.828517,107.676396
3.695119,0.189347,10.542888,3.990611,3.990611,81.989440
5.427494,0.263268,19.807999,3.425389,3.425389,87.441128
5.462919,0.244739,18.507247,2.821700,2.821700,106.710272
5.007937,0.180066,9.906944,3.578254,3.578254,51.476120
3.289963,0.158530,10.236964,3.614351,3.614351,75.619887
4.099253,0.123330,12.771844,3.331435,3.331435,64.998598
5.223716,0.154306,18.225803,4.644348,4.644348,77.559464
5.928269,0.162978,20.218404,4.620571,4.620571,78.677879
5.721994,0.182146,19.357306,4.063252,4.063252,121.093497
5.457510,0.216643,18.788850,4.961664,4.961664,108.759226
2.284030,0.122657,7.027355,3.551661,3.551661,48.117260
2.999974,0.063361,9.401337,4.990401,4.990401,75.159689
3.843506,0.089505,10.761675,4.126069,4.126069,68.715030
5.143138,0.110082,17.438561,5.039841,5.039841,77.824811
4.788605,0.098594,16.179312,4.823807,4.823807,79.200605
5.234116,0.159266,17.532098,5.428294,5.428294,101.901666
5.178915,0.145313,15.505768,4.125238,4.125238,68.485459
5.787819,0.153314,21.137744,4.723516,4.723516,107.713004
5.231843,0.141954,13.240459,5.347941,5.347941,89.251679
6.894937,0.208035,20.705515,3.841458,3.841458,101.425308
5.823979,0.189219,18.020552,4.196663,4.196663,98.081937
4.355736,0.185090,11.613014,3.560398,3.560398,77.893228
7.730915,0.311204,20.937486,4.655100,4.655100,101.263161
9.396761,0.390501,27.675877,4.147926,4.147926,121.253563
11.469972,0.546375,36.516727,3.958739,3.958739,141.113979
12.237054,0.624040,38.386607,5.129251,5.129251,141.437600
12.644163,0.609031,37.389442,4.361528,4.361528,137.122439
12.990823,0.448326,37.020765,4.230838,4.230838,132.388394
11.366163,0.522087,32.237311,5.687466,5.687466,129.877483
10.834859,0.518439,37.347202,5.581640,5.581640,131.511967
11.457428,0.408741,37.286049,6.896281,6.896281,135.276976
11.898041,0.444198,38.233517,5.986349,5.986349,135.558099
11.656406,0.436453,36.237972,5.185091,5.185091,135.797366
7.721252,0.350116,24.303386,6.175120,6.175120,129.839082
9.782142,0.457350,29.734111,6.013901,6.013901,121.600031
6.600757,0.326405,23.442318,5.920012,5.920012,113.578809
9.173238,0.430246,28.868948,7.616994,7.616994,126.338045
6.175088,0.304196,21.605782,5.737962,5.737962,87.542953
6.070254,0.220131,20.933614,4.748957,4.748957,121.581855
5.510151,0.161666,18.960885,7.714499,7.714499,81.918240
5.275140,0.151905,18.165387,5.661769,5.661769,79.021050
4.009523,0.157026,14.752831,5.622792,5.622792,72.102369
3.567374,0.115745,13.778130,7.338847,7.338847,77.612937
3.107816,0.092641,11.091503,5.509095,5.509095,70.840209
3.084072,0.090177,12.602723,5.665833,5.665833,74.219133
2.873157,0.077249,12.657252,5.281412,5.281412,73.095599
3.219402,0.124738,12.765764,5.850091,5.850091,74.457184
2.870981,0.120386,12.595650,3.947922,3.947922,70.921682
3.442988,0.086401,14.453115,4.833374,4.833374,72.478438
4.145653,0.154882,16.821753,4.944127,4.944127,81.124309
4.112501,0.129569,13.453070,4.093940,4.093940,74.445247
4.600156,0.169410,17.428545,6.040686,6.040686,82.206660
4.765246,0.130466,17.400416,3.804786,3.804786,110.387568
4.885279,0.143809,17.028796,4.855967,4.855967,77.184451
4.692444,0.171234,14.349017,3.845266,3.845266,107.392424
4.721981,0.146370,9.718589,4.463417,4.463417,91.689918
4.216406,0.087073,8.864210,5.030081,5.030081,87.621769
3.792624,0.126626,10.274948,3.261962,3.261962,84.772804
4.159382,0.102337,13.817394,4.874463,4.874463,91.096375
4.234999,0.134049,13.010216,3.580526,3.580526,89.922951
4.461817,0.156802,14.928033,4.345144,4.345144,90.717297
4.312984,0.169826,15.712395,7.311134,7.311134,56.450168
3.855826,0.154690,12.421440,4.087605,4.087605,78.239729
5.108482,0.166594,16.462133,6.143279,6.143279,92.071139
4.536762,0.188355,15.460679,5.905548,5.905548,52.694791
4.321848,0.149826,14.979553,5.925069,5.925069,86.689342
5.346533,0.155906,18.358925,5.239716,5.239716,91.648862
6.386066,0.205091,23.300172,6.628758,6.628758,102.041412
5.652649,0.177474,20.167620,5.691178,5.691178,95.319021
7.410752,0.256771,24.969922,5.621737,5.621737,104.831112
13.121001,0.444678,46.788155,6.590165,6.590165,143.305752
10.413767,0.569767,40.245991,4.950208,4.950208,130.479859
10.805228,0.606919,42.209089,5.510503,5.510503,135.927225
7.688003,0.560807,27.783686,6.431667,6.431667,128.760316
5.825035,0.521639,26.297939,5.500327,5.500327,115.831253
4.520346,0.415013,23.394382,4.483258,4.483258,117.505675
4.796670,0.387717,19.427771,5.108802,5.108802,89.156286
6.510068,0.305156,26.698200,4.369720,4.369720,121.727649
4.145110,0.298212,16.564789,4.147030,4.147030,82.419847
5.144771,0.544711,19.922432,5.401926,5.401926,95.212652
7.841285,0.343108,31.902140,6.281617,6.281617,140.627605
12.687683,0.787083,45.868623,4.892671,4.892671,157.090441
14.634013,1.243184,52.818921,5.691881,5.691881,178.777697
15.065890,1.222640,54.555072,5.261700,5.261700,176.113279
14.411162,1.078670,48.084267,4.646140,4.646140,172.229164
13.802674,1.048173,44.086425,5.900876,5.900876,180.335925
11.623413,0.988781,39.840514,5.905772,5.905772,160.227537
10.873197,1.054797,42.656966,7.939686,7.939686,185.614521
10.807051,0.671817,29.518140,6.246097,6.246097,158.025429
10.662314,1.249616,39.152121,5.689161,5.689161,179.772942
10.866700,0.903116,34.612414,4.586619,4.586619,162.766003
12.031163,0.804491,44.795521,7.637379,7.637379,186.804521
12.185597,0.880331,43.364303,7.951878,7.951878,184.953008
9.047189,0.675657,35.483561,9.880735,9.880735,182.024107
9.744542,0.582567,45.914000,10.663913,10.663913,194.135687
15.832204,0.669608,55.428491,8.450605,8.450605,205.954719
11.716567,0.421894,38.682898,9.936672,9.936672,188.706081
15.283525,0.626216,50.192935,7.294334,7.294334,199.263625
15.833581,0.583847,55.460299,8.655823,8.655823,209.620079
14.212887,0.525735,45.075749,9.442586,9.442586,199.140135
13.557263,0.708873,40.783662,10.757515,10.757515,194.046054
11.403667,1.035693,41.509559,9.498554,9.498554,199.521708
5.355365,0.518630,16.405204,7.548545,7.548545,154.152323
3.715408,0.300292,13.046344,10.341317,10.341317,142.533966
4.220502,0.332965,19.467899,6.692950,6.692950,107.657036
3.450637,0.183778,13.822322,6.416819,6.416819,96.536829
3.815697,0.189666,15.994734,7.447808,7.447808,99.985289
4.343544,0.165026,15.204868,9.716446,9.716446,139.635657
10.790347,0.349669,46.013297,7.656611,7.656611,190.244565
12.972327,0.507975,47.597158,11.697655,11.697655,199.689327
12.208573,0.441286,39.005495,10.817451,10.817451,186.855881
10.383206,0.604648,36.173363,12.616931,12.616931,188.509343
9.181782,0.505575,36.721561,10.837804,10.837804,178.301947
4.044180,0.607880,16.566198,8.391309,8.391309,86.282297
3.115368,0.440422,13.303307,7.288542,7.288542,72.670409
3.640335,0.285732,13.614831,7.188797,7.188797,84.461089
4.486426,0.246499,15.865069,6.170576,6.170576,150.184561
4.596988,0.228259,14.840575,3.740848,3.740848,149.508712
4.110453,0.283587,14.110294,6.056238,6.056238,76.624380
3.999891,0.362949,18.434318,9.376184,9.376184,94.372257
7.182268,0.199683,30.024547,9.705021,9.705021,97.079299
11.888729,0.278308,36.898172,11.805369,11.805369,184.246248
10.123907,0.325412,34.147896,11.906746,11.906746,164.558602
10.498120,0.552839,40.369448,12.710051,12.710051,178.602783
17.616643,0.615560,65.070631,13.502350,13.502350,225.200760
10.130178,0.593896,41.688473,12.310783,12.310783,181.424643
8.553294,0.494375,30.811821,10.941581,10.941581,163.697151
15.728395,0.599240,53.943735,15.038146,15.038146,208.732708
12.175581,0.392261,38.966966,12.439648,12.439648,195.222709
12.120028,0.313156,38.251822,11.023758,11.023758,189.407178
11.592629,0.428070,36.845883,11.894393,11.894393,188.822915
11.325522,0.517094,38.266574,11.094671,11.094671,189.189543
12.221278,0.547047,41.515063,11.786616,11.786616,193.204988
16.143088,0.812043,66.933759,11.650359,11.650359,221.299846
16.739608,1.019885,65.107208,10.169444,10.169444,220.586717
16.573462,0.980781,59.189851,14.173526,14.173526,209.619599
11.053934,0.657033,39.668895,13.682320,13.682320,185.294901
10.828332,0.624840,37.586756,8.693393,8.693393,182.510226
11.002830,0.759753,37.096255,11.753207,11.753207,188.011768
9.944864,0.829067,33.937398,11.616918,11.616918,191.696872
12.411584,0.758985,44.212955,8.657904,8.657904,195.119636
13.550127,0.895211,42.952298,12.391136,12.391136,202.603669
10.611784,0.731466,33.129867,12.063036,12.063036,195.206645
12.717284,0.843755,44.236058,25.614122,25.614122,253.279522
9.519930,0.834315,35.105477,13.760657,13.760657,201.041280
6.220145,0.539590,23.469551,16.207857,16.207857,189.488492
6.675734,1.319378,28.439726,9.916032,9.916032,143.146806
5.252516,0.652232,21.461493,7.368479,7.368479,182.353328
6.525236,0.538087,28.894388,11.570677,11.570677,206.771050
9.226039,0.477382,38.237901,13.092200,13.092200,202.347089
11.065902,0.474439,44.744065,18.217419,18.217419,216.933197
12.114716,0.666505,45.236295,12.794181,12.794181,219.209931
15.564777,0.790282,46.438071,16.148337,16.148337,225.093719
21.206289,0.718281,62.682825,17.182366,17.182366,259.616884
15.057475,0.750281,49.878404,20.299558,20.299558,239.898966
12.902662,0.789867,42.263009,15.093378,15.093378,223.668196
19.504540,0.866571,53.837110,19.083958,19.083958,254.983897
13.085193,0.854091,44.326684,17.559363,17.559363,228.595077
16.883930,0.939276,49.489246,15.134147,15.134147,242.431991
20.318118,1.015950,60.715919,16.810521,16.810521,262.607291
10.090851,0.751273,35.633580,20.787180,20.787180,219.719282
8.241322,0.822539,29.584573,16.992411,16.992411,209.656848
5.594184,0.755210,21.418772,15.359911,15.359911,187.628788
8.357004,0.485063,29.302009,16.862554,16.862554,209.844307
10.575560,0.604008,39.166009,19.377242,19.377242,210.308408
10.719850,0.614216,33.607569,17.774438,17.774438,207.947930
9.970465,0.573831,31.072593,15.993582,15.993582,202.376178
7.976807,0.882539,39.594751,19.775071,19.775071,214.702321
7.700579,0.934732,46.788795,16.385300,16.385300,236.343656
3.547118,0.484294,12.779909,7.994695,7.994695,109.287042
6.500916,0.631752,34.953347,15.495527,15.495527,213.382560
4.675228,0.470150,25.191365,14.481627,14.481627,118.309782
17.199710,0.361445,76.034324,19.750654,19.750654,258.453029
12.317279,0.413477,42.180832,20.578505,20.578505,210.989953
9.475067,0.543943,34.920674,17.745477,17.745477,196.447750
8.756784,0.776267,34.175672,18.895060,18.895060,197.025997
6.668886,0.711082,30.465832,19.114262,19.114262,192.677813
4.923295,0.607560,20.814252,17.040636,17.040636,173.340763
4.490266,0.496006,22.262655,10.024097,10.024097,169.338696
4.812126,0.380837,29.659039,11.848089,11.848089,113.757692
12.360191,0.254244,51.467447,13.936404,13.936404,200.005972
16.629206,0.663497,60.857841,15.754347,15.754347,221.707723
12.644931,0.804491,56.925118,15.041346,15.041346,213.640836
9.485882,0.881803,41.088498,13.248587,13.248587,192.013164
5.184323,0.657960,22.222367,12.992359,12.992359,163.641150
3.555438,1.066157,18.083338,9.464154,9.464154,101.759808
5.541672,0.594119,28.316333,8.554094,8.554094,129.657160
5.667945,0.495878,29.527645,8.096168,8.096168,108.493783
8.354891,0.504839,44.399261,9.343193,9.343193,132.894034
10.522952,0.545287,47.648999,14.280056,14.280056,190.389400
10.891917,0.614472,46.189683,12.549858,12.549858,194.322923
14.440218,1.105199,56.306614,12.082684,12.082684,209.094281
6.802232,1.258864,38.511089,10.244197,10.244197,131.419200
5.812971,0.807083,34.356219,11.336466,11.336466,119.354404
7.733700,0.388453,38.889782,9.185815,9.185815,111.234587
8.054536,0.373509,38.636050,8.545646,8.545646,128.678908
7.409503,0.443014,39.363708,6.140304,6.140304,176.745576
9.338105,0.621352,43.588434,10.955406,10.955406,184.452108
6.004429,0.722665,27.229824,11.121712,11.121712,99.926281
5.062945,0.319268,23.995189,13.357645,13.357645,91.250233
5.722794,0.238531,27.380161,13.323404,13.323404,146.255167
6.184816,0.200707,25.811148,14.453946,14.453946,140.095823
4.554395,0.230211,19.485339,11.234353,11.234353,128.153013
9.124726,0.454662,42.336034,13.124170,13.124170,175.786044
5.974125,0.538407,26.888475,14.338425,14.338425,95.206892
3.999956,0.537478,18.557712,10.639593,10.639593,132.986067
4.904479,0.335653,19.239576,8.381964,8.381964,134.655433
8.981492,0.465158,39.214810,7.600866,7.600866,115.197294
11.289906,0.941100,52.029503,10.363173,10.363173,183.599488
9.699645,0.751402,44.713089,10.287909,10.287909,169.796398
10.795787,0.730793,51.106036,11.805657,11.805657,186.297763
10.373190,0.536743,41.574584,11.934938,11.934938,163.433756
12.920199,0.773962,52.433764,11.485012,11.485012,185.647035
12.406144,0.865163,57.157858,10.149507,10.149507,188.986790
11.492949,0.818858,57.965388,13.170730,13.170730,193.084219
9.525659,0.767114,43.735636,10.007681,10.007681,173.995621
8.101288,0.583720,35.284487,10.269732,10.269732,166.147807
13.114025,0.717673,56.146517,11.417427,11.417427,196.858731
11.827161,0.781898,56.313878,10.934221,10.934221,189.462572
7.113404,0.745898,37.256128,10.077858,10.077858,144.235749
11.728023,0.663049,32.466499,7.803428,7.803428,113.883389
12.504865,0.532743,47.944682,9.264439,9.264439,195.095348
9.078549,0.672777,37.121407,14.215607,14.215607,171.235041
13.881748,0.859787,45.184070,11.262834,11.262834,183.500832
10.733738,0.719754,31.465237,9.878559,9.878559,160.414869
9.242999,0.773450,36.527063,9.155958,9.155958,168.816706
9.901983,0.892620,33.133451,7.917574,7.917574,161.616804
10.920301,1.028781,40.156838,8.759121,8.759121,170.328053
8.607279,0.569479,33.445744,9.194582,9.194582,168.543134
9.339385,0.684520,31.109074,5.881900,5.881900,115.967384
12.558178,0.822827,44.511326,10.231012,10.231012,192.979962
13.439949,1.670934,44.525310,8.998324,8.998324,188.469695
10.601737,1.162511,43.484465,6.181168,6.181168,186.584135
8.008903,0.737130,25.836525,8.615920,8.615920,158.434460
8.610383,0.577511,31.507575,9.374456,9.374456,167.259629
6.521108,0.313508,16.017454,9.360473,9.360473,137.644591
6.719671,0.246755,24.009782,9.557467,9.557467,145.811801
6.858232,0.308836,22.479298,10.963662,10.963662,149.696747
8.197322,0.447109,27.000477,9.762237,9.762237,158.337562
13.391117,0.952300,49.221307,10.304965,10.304965,197.939865
11.242353,1.150639,41.251380,8.344012,8.344012,181.208418
8.849778,0.931692,33.163180,6.943865,6.943865,122.415147
4.768126,0.932844,21.370739,5.921101,5.921101,100.267726
5.192227,0.482278,19.310553,5.495046,5.495046,88.025775
5.725866,0.413829,19.446427,6.452211,6.452211,158.888898
5.035585,0.496806,20.941582,7.538721,7.538721,102.093061
4.891103,0.224931,19.880096,8.072840,8.072840,137.736240
11.040878,0.578824,50.631693,12.951143,12.951143,198.039611
11.075375,0.758730,40.744589,11.906394,11.906394,185.083988
10.239844,0.974509,41.089138,6.505076,6.505076,192.388658
9.557435,0.911148,34.653567,7.560674,7.560674,165.180819
13.777554,0.952940,35.885231,12.015067,12.015067,192.886905
14.654589,0.917548,56.809757,10.239140,10.239140,208.671076
16.007759,0.899499,58.006093,12.082140,12.082140,216.692652
16.282706,0.913259,60.003014,12.086204,12.086204,218.679205
14.982689,0.831755,54.016216,12.590466,12.590466,209.960436
10.002081,0.585415,36.192403,8.977972,8.977972,185.754172
10.361158,0.571207,33.022154,16.347091,16.347091,191.229027
17.338976,0.732777,51.221781,9.664957,9.664957,204.525903
10.981326,0.476006,39.458557,10.720010,10.720010,196.646857
9.499322,0.589096,34.313914,11.412499,11.412499,191.507366
13.551535,0.846987,53.175214,13.490158,13.490158,210.492668
9.374873,0.687912,35.818511,11.208177,11.208177,196.588200
10.238884,0.652873,34.168985,15.908910,15.908910,192.036110
11.164432,0.510471,34.754464,10.144323,10.144323,191.264356
9.276152,0.535591,32.932585,10.565801,10.565801,179.541645
10.636138,0.727817,38.170412,11.864121,11.864121,197.610390
7.445888,0.586152,27.455618,11.449652,11.449652,171.584518
9.147030,0.627656,34.917378,11.761976,11.761976,193.200860
8.513678,0.649960,32.369954,10.674602,10.674602,173.156378
15.062274,0.613320,67.537095,20.212709,20.212709,252.414008
9.939137,0.436613,33.912246,14.073302,14.073302,199.998549
16.153552,0.788618,57.041696,12.546689,12.546689,223.666021
14.337177,0.830411,51.273493,12.049659,12.049659,212.403028
15.295430,0.877227,60.108135,14.914721,14.914721,231.628973
11.089583,0.762602,43.938839,17.440097,17.440097,213.122558
10.078466,0.832394,42.082239,17.166622,17.166622,203.004539
8.883346,0.559015,31.631545,15.903725,15.903725,194.262506
13.804018,0.782314,52.219554,15.869933,15.869933,225.529726
12.706564,0.842347,59.500480,14.979553,14.979553,231.270472
15.549897,0.895755,63.786615,17.598884,17.598884,247.355928
10.277381,0.889803,49.336189,20.349703,20.349703,226.272520
10.511943,0.989805,47.075103,20.609674,20.609674,222.157618
12.531810,1.049869,49.253948,13.616272,13.616272,221.671660
15.016289,1.315441,62.755018,12.985512,12.985512,248.429989
13.787186,1.140686,48.537075,14.522907,14.522907,248.600615
16.928506,1.036174,63.483123,16.550229,16.550229,255.648386
12.550434,0.998893,59.658722,18.511791,18.511791,245.647746
14.873248,0.692361,51.253429,24.144119,24.144119,269.173585
11.097071,0.610504,39.934179,15.017474,15.017474,225.389468
15.231813,0.653160,57.207459,19.351578,19.351578,259.371059
11.603254,0.491430,45.766414,21.690968,21.690968,258.336997
23.694098,0.912428,80.693937,20.707659,20.707659,295.249698
16.159920,0.521767,53.810166,21.478038,21.478038,266.197675
11.933754,0.459365,40.385994,21.710425,21.710425,236.531404
15.379782,0.544583,46.957054,22.292704,22.292704,272.270969
12.543458,0.487751,43.897942,21.613879,21.613879,249.382962
19.641022,0.557927,65.640143,22.277599,22.277599,288.671117
17.412193,0.569031,52.218466,20.136388,20.136388,272.725887
15.143300,0.439845,65.983316,22.017052,22.017052,295.673895
16.724664,0.595751,49.552736,23.597873,23.597873,274.399221
22.615748,0.731465,57.841514,22.647396,22.647396,292.413181
18.583120,0.661288,62.612808,27.669701,27.669701,298.090407
11.786456,0.847787,43.199341,25.474473,25.474473,270.835655
7.388671,0.853548,29.596349,23.657233,23.657233,245.873733
4.878975,0.634824,27.007005,18.824019,18.824019,233.906923
11.641590,0.739145,56.989568,8.814514,8.814514,277.153368
3.621743,0.617384,18.846131,15.050690,15.050690,164.109478
3.985940,0.522278,14.439355,11.401748,11.401748,142.857268
2.591906,0.189090,12.476129,10.187844,10.187844,130.634358
4.511707,0.381125,21.059791,12.366015,12.366015,137.781778
3.898258,0.249155,18.495151,11.966170,11.966170,115.942648
5.817995,0.274692,28.463503,10.752203,10.752203,134.812364
8.331723,0.325956,41.894397,12.461345,12.461345,123.381976
9.765630,0.456198,47.774185,14.476763,14.476763,266.857140
6.433075,0.462822,27.449314,11.791353,11.791353,103.739291
12.034204,0.504710,47.473765,15.949901,15.949901,275.494467
9.465850,0.675113,35.610539,14.579356,14.579356,254.866041
5.440998,0.505319,19.286489,10.522983,10.522983,227.459223
6.309746,0.673001,23.406478,11.428467,11.428467,235.182555
7.367360,0.772394,28.337965,5.367045,5.367045,121.861669
7.344095,0.452550,32.952905,12.596418,12.596418,250.366751
7.505377,0.575847,36.748827,28.284173,28.284173,282.042328
8.420620,0.578664,37.894313,25.042691,25.042691,250.573121
8.161802,0.682568,33.674835,20.844429,20.844429,226.724302
12.714020,0.799883,59.233788,17.104381,17.104381,264.765849
14.563291,0.776202,49.086234,20.069763,20.069763,243.065440
13.143402,1.013549,41.211604,14.689502,14.689502,225.583488
5.296388,1.081518,23.724466,9.077205,9.077205,108.511928
6.579669,0.840139,30.529034,9.839807,9.839807,127.417004
5.964269,0.620680,27.085821,9.511899,9.511899,112.693934
5.238564,0.513959,28.011721,9.649436,9.649436,130.330898
3.971603,0.511655,21.331283,7.186813,7.186813,97.848463
2.977862,0.391398,13.179274,5.296452,5.296452,80.931573
2.347903,0.352644,10.940525,4.834846,4.834846,78.348275
2.065146,0.287684,10.291461,5.513960,5.513960,69.722852
2.065147,0.157666,12.613122,7.313663,7.313663,70.811538
3.097320,0.123330,18.648721,11.266034,11.266034,83.863003
3.820241,0.180387,20.796044,7.007994,7.007994,74.953959
5.189251,0.244483,28.365422,7.989863,7.989863,85.417678
5.391174,0.327940,27.429794,8.156938,8.156938,79.992809
5.839595,0.373701,32.714342,8.382764,8.382764,176.266274
5.086529,0.233283,19.879873,7.190301,7.190301,58.739190
10.450599,0.562439,51.412184,12.656099,12.656099,214.255981
6.174639,0.339141,27.265152,12.464097,12.464097,159.078373
11.296594,0.675401,53.084429,13.114314,13.114314,208.176895
14.542556,0.731433,59.496256,11.857721,11.857721,204.422638
10.917645,0.495719,44.225018,9.853984,9.853984,185.833663
14.008053,0.955372,53.225167,12.075388,12.075388,192.405491
7.692036,0.720809,29.824449,9.914752,9.914752,157.938135
15.053347,0.502054,64.780004,12.333535,12.333535,209.235757
17.529826,0.431494,60.305066,12.431232,12.431232,206.084548
15.045026,0.603848,48.990232,12.751077,12.751077,196.848333
12.076220,0.602376,42.063583,13.754801,13.754801,192.403763
18.512687,1.078542,59.753539,11.603126,11.603126,205.809376
12.065371,0.480103,41.108146,13.485070,13.485070,171.381796
17.813446,0.549383,48.240078,10.026465,10.026465,189.418989
13.318284,0.602599,35.665869,13.133578,13.133578,160.137779
19.685214,0.594984,70.873618,11.928794,11.928794,206.103204
19.788479,0.549255,63.120207,12.819813,12.819813,197.794168
18.594992,0.639401,55.733519,12.901606,12.901606,188.477057
12.574594,0.616776,41.143027,12.546306,12.546306,135.695703
11.697431,0.301060,35.255367,12.986088,12.986088,134.382919
12.862854,0.472871,45.859535,10.292677,10.292677,140.496406
11.616726,0.386501,51.271990,10.365574,10.365574,137.950581
11.856761,0.313444,47.537030,10.207907,10.207907,132.749681
11.192913,0.156642,43.290190,11.230481,11.230481,135.716952
11.676759,0.111361,44.366653,11.153808,11.153808,132.812851
11.432660,0.109185,39.554207,10.477735,10.477735,117.239562
11.716087,0.108194,43.310767,16.529333,16.529333,123.697597
11.933050,0.102977,33.592018,10.501288,10.501288,96.293755
9.557820,0.075297,27.668325,9.970337,9.970337,67.192196
11.702423,0.092769,42.677703,9.765182,9.765182,89.969769
11.780472,0.104705,40.344137,13.630192,13.630192,87.480201
11.948635,0.102433,39.197754,11.093807,11.093807,82.820621
11.766392,0.104097,38.829013,11.067055,11.067055,89.373377
11.780088,0.076385,37.695239,10.611561,10.611561,86.678079
