1403638147795097088.000000 -1.732582092 4.694231510 1.662841439 -0.568498611 -0.617636740 -0.362784922 0.404624999
1403638148095097088.000000 -1.734529495 4.719381809 1.696770668 -0.560438335 -0.600148737 -0.382900208 0.423223138
1403638149595097088.000000 -1.829564929 4.959495068 2.065624952 -0.542007685 -0.614983678 -0.376033783 0.431996912
1403638151745096960.000000 -2.715179443 5.460287094 2.062384605 -0.388407767 -0.726449728 -0.271942914 0.497450829
1403638152145096960.000000 -2.993828773 5.552095890 2.167782545 -0.376786858 -0.734901965 -0.265486330 0.497461498
1403638152395097088.000000 -3.183619499 5.605496883 2.200245380 -0.375109285 -0.735937774 -0.271242321 0.494081289
1403638152595097088.000000 -3.349853754 5.643075943 2.197095871 -0.375817269 -0.736323297 -0.274338126 0.491251439
1403638153345096960.000000 -4.073102474 5.778779984 2.296306610 -0.329931676 -0.762128294 -0.222711414 0.510593116
1403638153645096960.000000 -4.386186600 5.843994141 2.345927477 -0.283496886 -0.783485711 -0.209905371 0.511585236
1403638153895097088.000000 -4.676450253 5.893507004 2.393859386 -0.250593334 -0.789920390 -0.185704261 0.527960837
1403638154745096960.000000 -5.672697067 5.948271275 2.357027769 -0.226548076 -0.780594528 -0.172940448 0.556273222
1403638154995097088.000000 -5.936027050 5.903085232 2.384588718 -0.207188427 -0.790341854 -0.166735575 0.551934779
1403638155195097088.000000 -6.141503811 5.843595028 2.430729866 -0.187004164 -0.792636454 -0.154281974 0.559423029
1403638155395097088.000000 -6.346307755 5.768627644 2.467096806 -0.168907613 -0.790213585 -0.148275241 0.570129097
1403638155595097088.000000 -6.543250561 5.670988560 2.476377249 -0.148466423 -0.791067123 -0.131178021 0.578759849
1403638156295097088.000000 -7.096539497 5.198194027 2.476251602 -0.031726371 -0.824700832 -0.011639830 0.564558744
1403638156545096960.000000 -7.278935432 5.038454056 2.487010241 -0.009433346 -0.831033468 0.010006767 0.556052387
1403638156945096960.000000 -7.600512028 4.821003914 2.436587572 -0.006464244 -0.832034826 0.011216202 0.554572403
1403638157195097088.000000 -7.830401421 4.708264351 2.428330660 -0.011511925 -0.836838186 0.006401713 0.547291875
1403638157445096960.000000 -8.087697029 4.606961250 2.458434820 -0.004606537 -0.833858967 0.001932329 0.551955044
1403638157845096960.000000 -8.534901619 4.438604832 2.473545074 0.049528521 -0.818727553 0.024714118 0.571507931
1403638158295097088.000000 -9.028610229 4.229406357 2.527611732 0.095179155 -0.815038621 0.078384355 0.566135108
1403638158595097088.000000 -9.351603508 4.101131916 2.531734943 0.107410938 -0.812772989 0.069972642 0.568301797
1403638158845096960.000000 -9.607803345 3.990680933 2.521184921 0.099035002 -0.816390336 0.076148033 0.563826621
1403638159245096960.000000 -10.017620087 3.820665598 2.566384077 0.092472367 -0.839256585 0.075216390 0.530509055
1403638159845096960.000000 -10.696876526 3.649724960 2.673242092 0.067128479 -0.789811313 0.109363973 0.599776208
1403638160295097088.000000 -11.039448738 3.700112820 2.912296057 0.093455859 -0.812205136 0.079039037 0.570387363
1403638160545096960.000000 -11.206518173 3.742350817 3.096732140 0.097323835 -0.822941244 0.075623289 0.554596305
1403638160945096960.000000 -11.508932114 3.803997040 3.334554911 0.072417185 -0.807398736 0.083807036 0.579516649
1403638161145096960.000000 -11.648769379 3.856265545 3.430313826 0.042049795 -0.804478228 0.062755466 0.589159012
1403638161345096960.000000 -11.772600174 3.924963236 3.517060995 0.001280479 -0.811777651 0.028394325 0.583274484
1403638161545096960.000000 -11.885891914 4.000107765 3.597865820 -0.027384685 -0.823910534 0.003024475 0.566049695
1403638162145096960.000000 -12.236199379 4.274271965 3.750103712 -0.074661724 -0.818678916 -0.019673932 0.569037318
1403638163445096960.000000 -12.931359291 5.303889275 4.081488132 -0.129306361 -0.804312825 -0.069702834 0.575762272
1403638166045096960.000000 -12.747480392 8.134780884 4.363104820 -0.195197359 -0.788346708 -0.124159925 0.570080519
1403638166295097088.000000 -12.588726044 8.385746002 4.383570194 -0.187420130 -0.798267901 -0.127565533 0.558004558
1403638166545096960.000000 -12.439265251 8.618453026 4.495925426 -0.181904882 -0.800146580 -0.128196150 0.556993484
1403638166795097088.000000 -12.299820900 8.834164619 4.581400394 -0.188269243 -0.800816715 -0.113381311 0.557128251
1403638167195097088.000000 -12.114160538 9.203059196 4.642230511 -0.196331158 -0.819628716 -0.098709062 0.529073954
1403638167395097088.000000 -12.067044258 9.419204712 4.707840443 -0.190862522 -0.818333924 -0.107484482 0.531364560
1403638167595097088.000000 -12.047531128 9.645410538 4.767854214 -0.195101276 -0.809685886 -0.105547905 0.543326795
1403638167845096960.000000 -12.036725044 9.947180748 4.805492401 -0.224701583 -0.794733107 -0.100663818 0.554774940
1403638168595097088.000000 -11.947743416 11.024453163 4.942312241 -0.296888858 -0.776399016 -0.186262086 0.523801565
1403638168795097088.000000 -11.928979874 11.330526352 4.964656353 -0.298739463 -0.782154024 -0.201373637 0.508368492
1403638168995097088.000000 -11.937460899 11.633201599 4.957039833 -0.298568755 -0.783167303 -0.203710675 0.505972087
1403638169795097088.000000 -12.038354874 12.849378586 4.774039745 -0.365777969 -0.718785882 -0.233440727 0.543193161
1403638169995097088.000000 -11.998240471 13.146951675 4.769420624 -0.385083854 -0.703077018 -0.286721379 0.524579823
1403638170195097088.000000 -11.952312469 13.409201622 4.775999069 -0.421243250 -0.673029602 -0.313294590 0.520991266
1403638170445096960.000000 -11.879013062 13.679291725 4.765330791 -0.477236748 -0.642275512 -0.327947855 0.502172887
1403638170695097088.000000 -11.775088310 13.916264534 4.765710831 -0.522675633 -0.601589561 -0.345069915 0.495809466
1403638171145096960.000000 -11.470312119 14.251904488 4.813755989 -0.577922821 -0.548412621 -0.390521049 0.461239964
1403638171345096960.000000 -11.293523788 14.351599693 4.812599659 -0.589899778 -0.534221709 -0.398533672 0.455846757
1403638171745096960.000000 -10.855833054 14.449865341 4.796897411 -0.608932972 -0.504556835 -0.409661412 0.454753399
1403638171945096960.000000 -10.589195251 14.434926033 4.793477535 -0.617112756 -0.486497223 -0.419011116 0.454886824
1403638172345096960.000000 -9.962514877 14.268416405 4.776094437 -0.618893027 -0.484184384 -0.434829324 0.439841390
1403638172545096960.000000 -9.625618935 14.121161461 4.713402748 -0.616687059 -0.481288195 -0.435730636 0.445193946
1403638172745096960.000000 -9.272411346 13.936041832 4.615228176 -0.614434779 -0.481775999 -0.433098614 0.450319231
1403638172995097088.000000 -8.795840263 13.632517815 4.473443031 -0.613954186 -0.485604167 -0.423794538 0.455683202
1403638173245096960.000000 -8.272047043 13.256610870 4.305317402 -0.617255330 -0.499532580 -0.411859334 0.447029203
1403638174345096960.000000 -5.847446442 11.316804886 3.323158979 -0.615767837 -0.534659982 -0.423256814 0.394743443
1403638174545096960.000000 -5.443403244 10.959754944 3.147464991 -0.621306360 -0.537560940 -0.413816661 0.392125517
1403638174745096960.000000 -5.051474571 10.621079445 2.987834930 -0.623590648 -0.546445370 -0.409624338 0.380447179
1403638174945096960.000000 -4.672638893 10.306717873 2.857262373 -0.625323832 -0.550915480 -0.407160133 0.373741806
1403638175195097088.000000 -4.225642204 9.962572098 2.728710413 -0.626591623 -0.547973990 -0.411019117 0.371713310
1403638175445096960.000000 -3.810074091 9.674987793 2.641960382 -0.634191334 -0.554446757 -0.405555129 0.354845226
1403638175695097088.000000 -3.416232109 9.471126556 2.596910954 -0.645692229 -0.568201900 -0.387657136 0.331587255
1403638176045096960.000000 -2.908330441 9.343305588 2.532454252 -0.638067305 -0.576472938 -0.395014495 0.323284179
1403638176245096960.000000 -2.654573202 9.356657028 2.494342327 -0.617465675 -0.558599532 -0.426342964 0.353460819
1403638176695097088.000000 -2.201051235 9.439574242 2.453990221 -0.610167444 -0.551537454 -0.439793646 0.360671192
1403638177195097088.000000 -1.871939778 9.575029373 2.465422392 -0.611158609 -0.552746475 -0.439010024 0.358087659
1403638177545096960.000000 -1.745273948 9.695053101 2.417450905 -0.615747273 -0.548107088 -0.434499860 0.362827510
1403638179245096960.000000 -1.052694559 9.926377296 2.179541349 -0.742724657 -0.380411059 -0.481038630 0.268792421
1403638179695097088.000000 -0.708120048 9.933017731 2.029456139 -0.760364592 -0.307769477 -0.520998061 0.235975981
1403638180045096960.000000 -0.423466206 9.928546906 1.962306738 -0.788045764 -0.250230432 -0.528601885 0.192220196
1403638180395097088.000000 -0.116545513 9.919472694 1.918893814 -0.797624528 -0.232174426 -0.527621031 0.177500173
1403638180895097088.000000 0.361913860 9.921534538 1.859589815 -0.800768495 -0.246921316 -0.518624544 0.169789419
1403638181345096960.000000 0.863484323 9.977478027 1.819247484 -0.791346431 -0.233444035 -0.530933738 0.193350017
1403638181745096960.000000 1.343930244 9.963324547 1.733986259 -0.792655766 -0.157643989 -0.565493464 0.164506793
1403638182145096960.000000 1.797094584 9.845884323 1.743574381 -0.819503963 -0.111175708 -0.553266466 0.099746674
1403638182395097088.000000 2.085412264 9.765572548 1.763828516 -0.829698920 -0.093877859 -0.540988922 0.100586914
1403638182845096960.000000 2.670312405 9.609233856 1.865500808 -0.830636084 -0.114336766 -0.538445055 0.083951585
1403638183245096960.000000 3.236310005 9.501975060 1.926715851 -0.816192210 -0.123056293 -0.557974398 0.085744143
1403638183545096960.000000 3.659727335 9.443637848 1.924118876 -0.829463422 -0.129829720 -0.537579715 0.078376219
1403638185045096960.000000 5.797726631 9.682621002 2.084775925 -0.814361751 -0.123287894 -0.561826944 0.077236459
1403638185495097088.000000 6.364297867 9.885370255 2.165889025 -0.806957662 -0.142363623 -0.568995833 0.069250412
1403638185845096960.000000 6.760164261 10.128014565 2.226517916 -0.800793052 -0.162423715 -0.565507650 0.112028129
1403638186145096960.000000 7.069015503 10.346015930 2.257523775 -0.808484077 -0.164231092 -0.550056696 0.129688725
1403638186545096960.000000 7.483809948 10.611709595 2.310278416 -0.807201087 -0.174103647 -0.552163541 0.115020543
1403638189195097088.000000 8.503981590 12.398232460 2.722533941 -0.724033535 -0.332078815 -0.548031211 0.255266458
1403638190545096960.000000 7.647477627 12.469079971 2.762001038 -0.684580386 -0.423069596 -0.526626050 0.273910344
1403638190745096960.000000 7.500360966 12.507089615 2.728523254 -0.683530509 -0.429057270 -0.518252552 0.283037722
1403638191745096960.000000 6.618253708 12.583028793 2.811779976 -0.700584412 -0.434723914 -0.489445716 0.283970982
1403638192195097088.000000 6.228777885 12.654601097 2.883296490 -0.699766040 -0.436508656 -0.489703864 0.282803506
1403638194945096960.000000 3.432314396 11.739333153 3.620969772 -0.694888413 -0.455607116 -0.463994205 0.307020783
1403638196895097088.000000 2.262605906 11.441114426 3.569230080 -0.701981008 -0.456335455 -0.453483701 0.305504918
1403638197345096960.000000 2.158078432 11.597644806 3.573011398 -0.681859434 -0.455419928 -0.482534140 0.307930619
1403638198245096960.000000 1.843398809 11.913821220 3.725763083 -0.673169017 -0.442793965 -0.492787987 0.328537732
1403638198695097088.000000 1.609877467 11.981434822 3.553634167 -0.659298182 -0.468682379 -0.510219336 0.292128205
1403638199145096960.000000 1.187568545 12.031276703 3.462939978 -0.653682828 -0.472301453 -0.517196596 0.286596864
1403638199445096960.000000 0.761831641 12.062134743 3.514483690 -0.651159704 -0.468582273 -0.521648943 0.290351838
1403638199745096960.000000 0.231747583 12.087102890 3.625035286 -0.651029408 -0.480833352 -0.506977737 0.296535909
1403638199895097088.000000 -0.064808935 12.100081444 3.681620836 -0.657511413 -0.480415612 -0.487712353 0.314668417
1403638200045096960.000000 -0.368259251 12.113309860 3.725925446 -0.656198263 -0.484404922 -0.478683561 0.324988991
1403638200195097088.000000 -0.675242484 12.126281738 3.763805389 -0.639815450 -0.500774920 -0.480400503 0.330266833
1403638200345096960.000000 -0.990921378 12.138240814 3.810965061 -0.618835151 -0.513861895 -0.480609804 0.349289685
1403638200495097088.000000 -1.316493750 12.145561218 3.871569633 -0.600187361 -0.532878458 -0.479446411 0.354889899
1403638200795097088.000000 -2.002784491 12.143963814 4.033336163 -0.571520030 -0.571323037 -0.468387753 0.357166290
1403638200945096960.000000 -2.375814915 12.135815620 4.104983807 -0.572590768 -0.575910449 -0.453974515 0.366570830
1403638201095097088.000000 -2.761444807 12.126255989 4.160445690 -0.578032851 -0.570507884 -0.440783173 0.382242054
1403638201245096960.000000 -3.150766373 12.114719391 4.198232651 -0.581452131 -0.565888941 -0.435675263 0.389705330
1403638201445096960.000000 -3.668498516 12.095741272 4.224354267 -0.582623780 -0.565546036 -0.437032908 0.386923015
1403638201645096960.000000 -4.185843945 12.072506905 4.221815586 -0.581860483 -0.562004685 -0.441905499 0.387696743
1403638201845096960.000000 -4.703983784 12.039824486 4.186717510 -0.583614826 -0.558684051 -0.442169994 0.389553189
1403638202045096960.000000 -5.225375652 11.991023064 4.140393734 -0.579529762 -0.565204322 -0.435482204 0.393756926
1403638202245096960.000000 -5.744692326 11.922194481 4.110990524 -0.583814204 -0.570817828 -0.412905514 0.403530687
1403638202445096960.000000 -6.248316765 11.851844788 4.102805138 -0.584208906 -0.576484740 -0.402752399 0.405161649
1403638202845096960.000000 -7.183072567 11.739923477 4.027420521 -0.585026920 -0.577338159 -0.398482293 0.406984150
1403638203045096960.000000 -7.624668121 11.688016891 3.974835396 -0.584787488 -0.574645460 -0.400041848 0.409600705
1403638203195097088.000000 -7.942182541 11.648040771 3.952461958 -0.581225634 -0.573979259 -0.405563265 0.410174310
1403638203395097088.000000 -8.348660469 11.589600563 3.942124367 -0.578340888 -0.570755959 -0.408904940 0.415398926
1403638203595097088.000000 -8.736759186 11.523563385 3.916861057 -0.580817401 -0.568868995 -0.405096054 0.418254077
1403638203795097088.000000 -9.103056908 11.450121880 3.902009726 -0.580419600 -0.570584714 -0.404941171 0.416615874
1403638203995097088.000000 -9.446273804 11.369184494 3.913632154 -0.579235554 -0.571753502 -0.404008865 0.417565584
1403638204195097088.000000 -9.769703865 11.279727936 3.951745510 -0.583995163 -0.574166119 -0.393871039 0.417311162
1403638204395097088.000000 -10.068054199 11.193858147 4.011773109 -0.599909961 -0.570995927 -0.370377243 0.420585722
1403638204645096960.000000 -10.387954712 11.106959343 4.078500748 -0.601223767 -0.569518387 -0.365571976 0.424895138
1403638204895097088.000000 -10.654635429 11.041208267 4.107671738 -0.563503444 -0.601775944 -0.373917133 0.424871236
1403638205145096960.000000 -10.907687187 10.987031937 4.102961540 -0.499143481 -0.653479397 -0.350630999 0.448194623
1403638205345096960.000000 -11.116949081 10.942592621 4.112957001 -0.431086719 -0.695725560 -0.308822662 0.484519094
1403638205545096960.000000 -11.325642586 10.893749237 4.154641151 -0.359294742 -0.728372157 -0.282938570 0.510222673
1403638205745096960.000000 -11.531145096 10.821498871 4.223231792 -0.309134573 -0.741756201 -0.284562021 0.522740841
1403638205945096960.000000 -11.749408722 10.706049919 4.308538437 -0.277899623 -0.755292952 -0.262148798 0.532524467
1403638206145096960.000000 -11.981010437 10.545298576 4.413671017 -0.245497510 -0.768089294 -0.227094501 0.546075106
1403638206395097088.000000 -12.270051956 10.295372963 4.537564278 -0.213574469 -0.774847746 -0.184936538 0.565504670
1403638207145096960.000000 -12.951971054 9.397500038 4.655200958 -0.181533664 -0.772256851 -0.140781596 0.592322111
1403638207395097088.000000 -13.092477798 9.066925049 4.606001377 -0.163136467 -0.771473467 -0.127369121 0.601657867
1403638207645096960.000000 -13.174491882 8.716622353 4.559989452 -0.127502188 -0.783581614 -0.094758458 0.600636363
1403638207895097088.000000 -13.199259758 8.370154381 4.557281017 -0.115098342 -0.801768839 -0.068339653 0.582450569
1403638208145096960.000000 -13.197701454 8.049345970 4.585259914 -0.113653988 -0.802705467 -0.064056925 0.581930816
1403638208395097088.000000 -13.174494743 7.751526356 4.577138424 -0.115101650 -0.801146924 -0.068411298 0.583296716
1403638208645096960.000000 -13.131525040 7.467816830 4.555751324 -0.100646116 -0.807513177 -0.058115881 0.578286529
1403638208895097088.000000 -13.075743675 7.204043865 4.571120739 -0.081097290 -0.808000743 -0.042727880 0.582007170
1403638209295097088.000000 -12.953772545 6.824380875 4.538150787 -0.070550688 -0.808342993 -0.033379111 0.583515346
1403638209645096960.000000 -12.824775696 6.534080982 4.412481308 -0.072855078 -0.805238605 -0.030308153 0.587677240
1403638209945096960.000000 -12.698882103 6.316519737 4.156464577 -0.069491461 -0.802996337 -0.039107092 0.590625465
1403638210195097088.000000 -12.571694374 6.148109913 3.914749146 -0.068161637 -0.791400611 -0.041567404 0.606062174
1403638210445096960.000000 -12.396370888 5.986217022 3.699718714 -0.068797812 -0.792253494 -0.041309163 0.604892552
1403638210695097088.000000 -12.178724289 5.832084656 3.465700388 -0.071767122 -0.789614856 -0.039080191 0.608137071
1403638210945096960.000000 -11.914266586 5.686585426 3.243257761 -0.073453583 -0.794289470 -0.037103143 0.601940274
1403638211195097088.000000 -11.615292549 5.554672718 3.067819118 -0.076219939 -0.801700532 -0.031521056 0.592007875
1403638211445096960.000000 -11.308965683 5.445619106 2.931186438 -0.086782560 -0.802948475 -0.038520023 0.588437676
1403638211695097088.000000 -10.985817909 5.358557701 2.771928310 -0.128482774 -0.796376705 -0.059548073 0.587988496
1403638211945096960.000000 -10.648131371 5.299138069 2.598894835 -0.192432418 -0.785992920 -0.089320049 0.580695271
1403638212195097088.000000 -10.294595718 5.277058125 2.469010353 -0.244487390 -0.772301912 -0.132334277 0.571194649
1403638212445096960.000000 -9.921473503 5.279011250 2.392021179 -0.293173313 -0.756342769 -0.174648181 0.558115542
1403638212695097088.000000 -9.528314590 5.293469429 2.364100456 -0.345110208 -0.735113323 -0.208725080 0.544923127
1403638212945096960.000000 -9.115357399 5.314519405 2.377119303 -0.398289591 -0.709808886 -0.246563792 0.526063740
1403638213195097088.000000 -8.687937737 5.345340729 2.415535688 -0.459765524 -0.678276360 -0.278365374 0.501068592
1403638213395097088.000000 -8.336583138 5.381391048 2.425245285 -0.518460214 -0.651210308 -0.284898639 0.475349218
1403638213595097088.000000 -7.967856884 5.443780422 2.415005684 -0.559235454 -0.619127035 -0.305593997 0.458857149
1403638213795097088.000000 -7.580063343 5.530290604 2.410974741 -0.554844677 -0.602591574 -0.355146080 0.450446486
1403638214045096960.000000 -7.093810081 5.643472195 2.436668396 -0.554536819 -0.603070498 -0.368227333 0.439549357
1403638214545096960.000000 -6.162588596 5.901615143 2.506030083 -0.550937235 -0.624744177 -0.351400018 0.427411854
1403638216145096960.000000 -3.671488285 6.693778038 2.221897364 -0.535338163 -0.613228798 -0.375795513 0.442878515
1403638216395097088.000000 -3.367603540 6.754347801 2.198567152 -0.534781456 -0.610032916 -0.383046687 0.441750884
1403638218945096960.000000 -1.885803819 6.557119370 2.104172945 -0.591518819 -0.570279121 -0.411068648 0.394854248
1403638221695097088.000000 -1.850948811 5.272729397 2.038741589 -0.611572385 -0.550159514 -0.414485157 0.389237493
1403638222995097088.000000 -1.854225636 4.852184296 1.972146511 -0.599694252 -0.545195878 -0.429881960 0.397906661
1403638223245096960.000000 -1.864192724 4.788645744 1.948730707 -0.613856256 -0.554871082 -0.410168886 0.383484185
1403638223495097088.000000 -1.871627212 4.732304573 1.932679653 -0.619603992 -0.544685483 -0.402011126 0.397235036
1403638223745096960.000000 -1.856750488 4.687011719 1.904316425 -0.609875500 -0.549816847 -0.416844040 0.389864564
1403638223995097088.000000 -1.837076306 4.643819332 1.869157791 -0.604510009 -0.557119191 -0.424743921 0.379181385
1403638224245096960.000000 -1.831200480 4.605813980 1.830596447 -0.613000035 -0.563819706 -0.411895156 0.369703531
1403638224495097088.000000 -1.838610530 4.592206478 1.801776052 -0.607633531 -0.548948884 -0.420237720 0.390943646
1403638224745096960.000000 -1.850174427 4.579612255 1.769912601 -0.612523913 -0.557284117 -0.412972122 0.379081547
1403638225195097088.000000 -1.872376800 4.586105347 1.769056678 -0.609385192 -0.548629105 -0.415174693 0.394063085
1403638225445096960.000000 -1.870192528 4.597296238 1.775582194 -0.607228160 -0.555066228 -0.417053342 0.386318624
1403638225695097088.000000 -1.872127891 4.611419201 1.749726772 -0.590718269 -0.541805446 -0.439957947 0.404889882
1403638225945096960.000000 -1.883918643 4.601106644 1.666354537 -0.608059824 -0.559021235 -0.415554881 0.380884081
1403638226245096960.000000 -1.913199663 4.625790119 1.629575849 -0.613296270 -0.566764593 -0.406672359 0.370490342
1403638226795097088.000000 -1.914616346 4.638756275 1.623846173 -0.608340621 -0.565376043 -0.411713421 0.375185013
1403638227295097088.000000 -1.919033051 4.631856441 1.629863501 -0.608091235 -0.566604853 -0.412516654 0.372845948
1403638227495097088.000000 -1.932743311 4.625835896 1.631831884 -0.608169436 -0.566646457 -0.412673473 0.372481346
1403638227695097088.000000 -1.951166034 4.616033077 1.633375525 -0.608880699 -0.566149175 -0.412046701 0.372769266
1403638227995097088.000000 -1.985934734 4.595295429 1.634170055 -0.609178483 -0.565872848 -0.412389636 0.372322977
1403638228145096960.000000 -2.007280350 4.582873821 1.634943366 -0.609524727 -0.565686524 -0.412275732 0.372165591
1403638228345096960.000000 -2.039089918 4.564930439 1.637036085 -0.609697878 -0.565520465 -0.412366509 0.372033626
1403638228495097088.000000 -2.065687656 4.549643993 1.638509154 -0.609836936 -0.565379381 -0.412371725 0.372014254
1403638228645096960.000000 -2.095012665 4.532724380 1.640017033 -0.609939992 -0.565381348 -0.412367731 0.371846825
1403638228845096960.000000 -2.138316870 4.507914066 1.642291069 0.610046089 0.565298259 0.412366956 -0.371799886
