1403638147795097088.000000 3.447385788 1.548051476 0.406555533 -0.573950708 -0.611127079 -0.369133383 0.401054621
1403638148095097088.000000 3.445043087 1.578493953 0.443618208 -0.565728366 -0.593690276 -0.389316738 0.419423074
1403638149345096960.000000 3.382859468 1.774215102 0.760172427 -0.550654829 -0.608369291 -0.379691303 0.427201033
1403638152095097088.000000 2.242354155 2.448181391 0.916254520 -0.385095686 -0.730352223 -0.271263242 0.494674802
1403638152595097088.000000 1.852758169 2.560504198 0.955842078 -0.383566707 -0.732003152 -0.280549139 0.488201112
1403638152945096960.000000 1.525496244 2.628388405 0.971002340 -0.370359600 -0.734471679 -0.258612692 0.506462812
1403638153395097088.000000 1.084520698 2.724725962 1.058040619 -0.332918227 -0.760909975 -0.225922719 0.509058356
1403638154695097088.000000 -0.397878379 2.922200203 1.114967942 -0.238665044 -0.774288833 -0.181818351 0.557187676
1403638155095097088.000000 -0.819742978 2.855435133 1.172830343 -0.203066871 -0.791241050 -0.168907151 0.551517725
1403638155295097088.000000 -1.028430820 2.794445515 1.215869188 -0.186384559 -0.789961398 -0.157905355 0.562394738
1403638156095097088.000000 -1.744395018 2.347094297 1.190264583 -0.073428519 -0.815350354 -0.050348144 0.572081447
1403638156295097088.000000 -1.884371996 2.211705446 1.207385063 -0.039814182 -0.824423194 -0.018459309 0.564269960
1403638156495097088.000000 -2.026031494 2.086055517 1.222958565 -0.020206681 -0.830706120 0.000944402 0.556343555
1403638156695097088.000000 -2.176991940 1.973284245 1.214275002 -0.013468864 -0.831661522 0.006799753 0.555078030
1403638157295097088.000000 -2.719608784 1.698244572 1.176879644 -0.021230342 -0.836515486 0.000754570 0.547531426
1403638158095097088.000000 -3.616937160 1.364762306 1.253179193 0.075477503 -0.818507671 0.054299757 0.566921473
1403638158295097088.000000 -3.838048935 1.275376916 1.271259189 0.086391605 -0.817330182 0.071614668 0.565136552
1403638158595097088.000000 -4.161291122 1.155097127 1.264574766 0.099727549 -0.814374328 0.062443610 0.568286538
1403638158895097088.000000 -4.469974041 1.027139902 1.247590065 0.088811763 -0.819890082 0.070002079 0.561241925
1403638160195097088.000000 -5.818838120 0.758940578 1.574693561 0.082768813 -0.803028047 0.072524332 0.585692406
1403638160445096960.000000 -5.988392830 0.802102506 1.753453016 0.088200800 -0.822890103 0.068202160 0.557154417
1403638160645096960.000000 -6.130270004 0.834418237 1.889405012 0.087461077 -0.825800836 0.068360902 0.552929044
1403638160845096960.000000 -6.282688141 0.863877773 2.010024548 0.077116512 -0.816745758 0.075693391 0.566789091
1403638161245096960.000000 -6.562393188 0.972055614 2.207112074 0.014194990 -0.809090078 0.037179425 0.586335719
1403638161445096960.000000 -6.679278374 1.047825098 2.289772272 -0.024495939 -0.818519831 0.005393655 0.573930562
1403638161645096960.000000 -6.791648388 1.127914786 2.357632160 -0.046417322 -0.825830877 -0.011175249 0.561893165
1403638162895097088.000000 -7.500782013 1.891842604 2.677219629 -0.095433965 -0.818952620 -0.033385899 0.564884365
1403638165795097088.000000 -7.674069405 4.960937977 3.163685083 -0.203269362 -0.767761469 -0.138091117 0.591738701
1403638166695097088.000000 -7.104489326 5.826840878 3.307819843 -0.191651344 -0.797939837 -0.133489296 0.555645823
1403638166945096960.000000 -6.965588093 6.034325600 3.361299753 -0.210170299 -0.808369160 -0.102508813 0.540240347
1403638167395097088.000000 -6.801680565 6.483285427 3.466496229 -0.200578555 -0.816645145 -0.116436735 0.528489828
1403638167595097088.000000 -6.775249958 6.708043098 3.525584698 -0.203884065 -0.807427824 -0.114962339 0.541549087
1403638168795097088.000000 -6.595321655 8.388395309 3.738154650 -0.306120038 -0.778737247 -0.209975690 0.505736113
1403638168995097088.000000 -6.589728355 8.690151215 3.742404222 -0.305194527 -0.780883074 -0.212112099 0.502082169
1403638169395097088.000000 -6.645366669 9.283942223 3.687608957 -0.323391676 -0.748631537 -0.189092129 0.547003567
1403638169795097088.000000 -6.626415730 9.892185211 3.633642912 -0.371200711 -0.718766928 -0.240218878 0.536543667
1403638170645096960.000000 -6.340996265 10.912239075 3.663517714 -0.518432617 -0.610152423 -0.345685333 0.489329606
1403638170895097088.000000 -6.189631462 11.125183105 3.693186283 -0.551883996 -0.578321517 -0.371910304 0.471859008
1403638171145096960.000000 -5.994738102 11.294384003 3.704235554 -0.579041958 -0.549452245 -0.396300405 0.453606248
1403638171445096960.000000 -5.715361595 11.435591698 3.695586205 -0.594025791 -0.528562784 -0.408101499 0.448562205
1403638172245096960.000000 -4.652790070 11.380193710 3.675403833 -0.618294954 -0.484057546 -0.438601762 0.437067628
1403638172445096960.000000 -4.323722839 11.248583794 3.647791386 -0.617022097 -0.484503329 -0.440936148 0.436022490
1403638172845096960.000000 -3.615018368 10.878019333 3.487639666 -0.613731623 -0.482572079 -0.434005857 0.449551702
1403638174095097088.000000 -0.938761473 8.962198257 2.468328714 -0.610428989 -0.523177445 -0.432405412 0.408273786
1403638174495097088.000000 -0.113084696 8.257218361 2.115559340 -0.619739115 -0.536019385 -0.417585671 0.392719984
1403638174695097088.000000 0.286555618 7.927164555 1.948666215 -0.622081518 -0.544809341 -0.413204879 0.381390929
1403638175145096960.000000 1.137445569 7.281794071 1.675810099 -0.624479592 -0.550477087 -0.412284821 0.370164216
1403638176395097088.000000 2.998437166 6.676433086 1.383661151 -0.604734659 -0.555156469 -0.438613415 0.365671515
1403638176745096960.000000 3.322126389 6.752239704 1.374501705 -0.605698407 -0.556564212 -0.439335406 0.361040533
1403638177045096960.000000 3.521549702 6.830699921 1.411608577 -0.609592140 -0.555595994 -0.434344918 0.362015396
1403638178345096960.000000 3.955149412 7.272315025 1.230540991 -0.639609516 -0.486175328 -0.456058502 0.382810503
1403638179495097088.000000 4.591889381 7.219871044 1.063216448 -0.750631392 -0.353987962 -0.497355163 0.252750605
1403638179695097088.000000 4.742207050 7.221054077 1.001565099 -0.759762049 -0.312799454 -0.518071711 0.237738982
1403638180145096960.000000 5.090291977 7.202177525 0.941375017 -0.792910814 -0.245336041 -0.524898708 0.188637376
1403638180545096960.000000 5.439433575 7.189586639 0.890773535 -0.796222627 -0.241068348 -0.526922464 0.173977673
1403638181245096960.000000 6.174109936 7.247869015 0.818892658 -0.793383062 -0.249340728 -0.521656752 0.190386027
1403638182095097088.000000 7.193531990 7.166789532 0.706758857 -0.816041410 -0.122058675 -0.554989994 0.105660483
1403638182345096960.000000 7.478843689 7.090527058 0.733764052 -0.827373505 -0.102626033 -0.542772174 0.101583652
1403638182595097088.000000 7.786540031 7.005511284 0.767937720 -0.831537247 -0.113920584 -0.536956787 0.085120171
1403638182845096960.000000 8.121681213 6.927695274 0.837768853 -0.829888463 -0.121588506 -0.537721515 0.085773088
1403638183295097088.000000 8.766812325 6.819101810 0.899911106 -0.816719592 -0.131985128 -0.555128992 0.085912615
1403638183595097088.000000 9.200458527 6.774062634 0.889549196 -0.828938365 -0.137343571 -0.536365688 0.079435386
1403638184045096960.000000 9.868741035 6.780297279 0.924977362 -0.810591102 -0.135661080 -0.563880444 0.081098504
1403638184245096960.000000 10.150199890 6.806819916 0.966042697 -0.821950793 -0.135022581 -0.547652662 0.079009391
1403638184645096960.000000 10.713130951 6.903447628 1.004070044 -0.814314783 -0.132171839 -0.559536457 0.079631180
1403638184895097088.000000 11.053994179 6.988214970 1.023241639 -0.814337134 -0.131568342 -0.559793293 0.078588814
1403638185145096960.000000 11.382945061 7.088400364 1.052230358 -0.814088941 -0.131863967 -0.560160458 0.078046829
1403638185395097088.000000 11.700422287 7.206206799 1.086199045 -0.810781419 -0.140029699 -0.564002216 0.070189849
1403638186145096960.000000 12.515852928 7.707738876 1.177514315 -0.806862891 -0.171747014 -0.549609721 0.131925583
1403638186395097088.000000 12.768358231 7.867039680 1.197285533 -0.806364417 -0.179764241 -0.550146282 0.121657155
1403638186645096960.000000 13.013565063 8.026498795 1.239953160 -0.805397809 -0.182315901 -0.552227497 0.114630438
1403638189345096960.000000 13.768976212 9.740809441 1.648854852 -0.714992166 -0.361419290 -0.532657266 0.272834331
1403638190095097088.000000 13.260533333 9.730481148 1.791806340 -0.726831973 -0.409014076 -0.477153003 0.277034074
1403638190345096960.000000 13.139560699 9.773696899 1.797423124 -0.700313270 -0.411378026 -0.513238847 0.277336389
1403638190595097088.000000 12.991622925 9.819563866 1.771805286 -0.682943821 -0.431327105 -0.519662619 0.278380245
1403638191045096960.000000 12.624200821 9.884635925 1.744796038 -0.686116040 -0.428800136 -0.501062572 0.307101846
1403638191845096960.000000 11.907713890 9.928552628 1.840962172 -0.698087573 -0.442499578 -0.487210453 0.281946540
1403638192045096960.000000 11.727622986 9.964873314 1.832092881 -0.697191834 -0.442160487 -0.488887101 0.281792581
1403638192845096960.000000 10.961532593 10.206492424 2.072968006 -0.675767779 -0.416034579 -0.517452240 0.320150614
1403638193045096960.000000 10.750959396 10.226629257 2.126229763 -0.667005599 -0.396080047 -0.523905993 0.351776510
1403638193245096960.000000 10.538388252 10.192423820 2.187377930 -0.667614281 -0.415982544 -0.509314477 0.349068016
1403638194245096960.000000 9.469877243 9.562507629 2.512376785 -0.669606626 -0.447075099 -0.491212338 0.332357109
1403638194445096960.000000 9.259609222 9.404093742 2.520792007 -0.675670385 -0.448397785 -0.483657390 0.329369932
1403638197145096960.000000 7.533112526 8.773789406 2.499323845 -0.690595269 -0.453320622 -0.466653556 0.315932214
1403638197895097088.000000 7.318236351 9.062165260 2.678808689 -0.672785640 -0.452479482 -0.490636230 0.319214523
1403638198095097088.000000 7.236906528 9.134078026 2.701614857 -0.665579319 -0.443292946 -0.499563277 0.333064884
1403638198695097088.000000 6.942019463 9.242961884 2.487899542 -0.656567931 -0.470752269 -0.510539472 0.294381499
1403638199345096960.000000 6.268678665 9.321589470 2.412222147 -0.649513602 -0.468590975 -0.519761682 0.297325373
1403638199945096960.000000 5.213948727 9.370775223 2.610333920 -0.654805481 -0.483296216 -0.484465986 0.320853889
1403638200145096960.000000 4.816686630 9.384954453 2.661240816 -0.643433869 -0.497702539 -0.479205310 0.329617113
1403638200345096960.000000 4.407029629 9.395396233 2.719453096 -0.615315914 -0.515979707 -0.481673598 0.350915700
1403638200545096960.000000 3.978272915 9.396253586 2.802143335 -0.591879785 -0.541114748 -0.479928881 0.355726659
1403638200945096960.000000 3.033732891 9.363810539 3.008031130 -0.570547819 -0.576490223 -0.456607729 0.365572929
1403638201145096960.000000 2.522661448 9.336905479 3.076713324 -0.578002036 -0.570085943 -0.441258997 0.382369310
1403638201345096960.000000 2.006841660 9.304667473 3.116004705 -0.581838787 -0.565622807 -0.438958794 0.385810405
1403638201745096960.000000 0.974280119 9.221734047 3.108064890 -0.582495213 -0.559244990 -0.446755201 0.385167629
1403638202145096960.000000 -0.063002408 9.092850685 3.019840002 -0.581004679 -0.566715598 -0.429453105 0.396026701
1403638202345096960.000000 -0.575229287 9.008005142 3.000107050 -0.585253775 -0.571990490 -0.411153644 0.401568770
1403638202595097088.000000 -1.190505385 8.913206100 2.973477364 -0.586086214 -0.574761271 -0.404149652 0.403504223
1403638202845096960.000000 -1.772425652 8.832612038 2.909008503 -0.586025417 -0.574756145 -0.405093402 0.402652472
1403638203095097088.000000 -2.322552681 8.759594917 2.841085911 -0.585859299 -0.571871519 -0.406861514 0.405210406
1403638203595097088.000000 -3.333215237 8.600465775 2.782575369 -0.582434475 -0.565674663 -0.411872089 0.413695127
1403638203795097088.000000 -3.703388691 8.526030540 2.764126062 -0.582246363 -0.567034900 -0.411927491 0.412039369
1403638204195097088.000000 -4.381471157 8.356078148 2.806510687 -0.586429238 -0.569923699 -0.401167333 0.412737846
1403638204395097088.000000 -4.686388969 8.270225525 2.860960722 -0.602587044 -0.566234052 -0.377929896 0.416457653
1403638204645096960.000000 -5.015240669 8.182606697 2.919196606 -0.604226410 -0.564156532 -0.373338223 0.421018481
1403638204895097088.000000 -5.290832996 8.114500046 2.937190533 -0.567072928 -0.596373618 -0.381702363 0.420797080
1403638205145096960.000000 -5.552349567 8.056612968 2.919073820 -0.503567994 -0.648593247 -0.358537108 0.444068968
1403638205395097088.000000 -5.822696209 7.997582912 2.923570871 -0.417228788 -0.701358736 -0.307371110 0.489427239
1403638205895097088.000000 -6.364893913 7.804536343 3.062966347 -0.291772962 -0.748796582 -0.278658152 0.525853574
1403638206145096960.000000 -6.662923813 7.613351345 3.183271408 -0.251923263 -0.765501440 -0.235923499 0.543030739
1403638206645096960.000000 -7.238473415 7.093476295 3.379251719 -0.211128503 -0.770201921 -0.172592491 0.576563537
1403638206895097088.000000 -7.477696419 6.797871590 3.412101269 -0.195799187 -0.773914516 -0.156834304 0.581482530
1403638207145096960.000000 -7.676520348 6.491376400 3.405181408 -0.188688010 -0.770405769 -0.150138780 0.590194941
1403638207395097088.000000 -7.827275753 6.168802261 3.352799416 -0.170357674 -0.769797206 -0.136850342 0.599718809
1403638207645096960.000000 -7.918605328 5.825651646 3.304379463 -0.134873822 -0.782495558 -0.104022935 0.598906577
1403638207895097088.000000 -7.952192783 5.483418465 3.300208330 -0.122961923 -0.800832152 -0.077331811 0.581005991
1403638208145096960.000000 -7.959485054 5.165234566 3.326760292 -0.121458247 -0.801784396 -0.072840340 0.580589414
1403638208395097088.000000 -7.944270134 4.869029045 3.317932367 -0.122884840 -0.800169826 -0.076986462 0.581980109
1403638208645096960.000000 -7.908369064 4.587182045 3.295617342 -0.108586267 -0.806710243 -0.066515602 0.577064455
1403638208895097088.000000 -7.859843731 4.323973656 3.309620142 -0.089096136 -0.807518303 -0.050906140 0.580848277
1403638209195097088.000000 -7.780370712 4.035424709 3.294852972 -0.078378528 -0.808039963 -0.043988019 0.582231283
1403638209445096960.000000 -7.698190212 3.814841270 3.237831831 -0.079168148 -0.808488727 -0.039061591 0.581852794
1403638209795097088.000000 -7.568168640 3.542380571 3.039309740 -0.079655297 -0.805755436 -0.042236995 0.585345507
1403638210095097088.000000 -7.434640884 3.334135056 2.747112274 -0.075967573 -0.795659959 -0.049618330 0.598909199
1403638210395097088.000000 -7.247198582 3.134762049 2.483510017 -0.076737732 -0.791841924 -0.048973106 0.603903472
1403638210645096960.000000 -7.040984631 2.975010633 2.255915403 -0.078144357 -0.789751232 -0.048593059 0.606486022
1403638210945096960.000000 -6.733174801 2.792069912 1.986274004 -0.081563249 -0.794164419 -0.044884969 0.600529611
1403638211245096960.000000 -6.374587536 2.627868652 1.783947945 -0.084215522 -0.802416086 -0.039168783 0.589493096
1403638211495097088.000000 -6.064244747 2.517196178 1.649377823 -0.100438431 -0.802070677 -0.049837992 0.586609781
1403638211745096960.000000 -5.735403538 2.428519726 1.484815478 -0.148009881 -0.794488013 -0.072512656 0.584485829
1403638211995097088.000000 -5.390656471 2.369580269 1.318758130 -0.212016344 -0.782242417 -0.103794776 0.576517701
1403638212245096960.000000 -5.029018402 2.346621275 1.200295568 -0.262362152 -0.767361820 -0.147861049 0.566090941
1403638212495097088.000000 -4.647523403 2.343443871 1.135773897 -0.310568482 -0.748932362 -0.189111322 0.553971529
1403638212745096960.000000 -4.246136189 2.349975348 1.117192864 -0.361805350 -0.729029536 -0.223900214 0.536173105
1403638212995097088.000000 -3.826645613 2.362763643 1.138180733 -0.416741192 -0.701046467 -0.260485590 0.516728044
1403638213245096960.000000 -3.393311262 2.385284424 1.176881194 -0.480780154 -0.668017924 -0.286878049 0.490207732
1403638213495097088.000000 -2.944668770 2.430109501 1.180619359 -0.551232040 -0.628955662 -0.294973671 0.462113231
1403638213745096960.000000 -2.463920355 2.517825842 1.170874357 -0.562363207 -0.599604964 -0.351178765 0.448213100
1403638213995097088.000000 -1.973559618 2.619881630 1.193319321 -0.559379041 -0.595380127 -0.374709487 0.438418031
1403638214295097088.000000 -1.400482416 2.741768360 1.253173590 -0.565715253 -0.613893926 -0.357499242 0.418682128
1403638217245096960.000000 2.712787867 3.699520826 0.817682624 -0.576010883 -0.574581623 -0.409411907 0.412855119
1403638220145096960.000000 3.267078161 2.946591616 0.822822332 -0.616791189 -0.534726501 -0.407114625 0.409748584
1403638221145096960.000000 3.346568823 2.401202440 0.821923614 -0.609477758 -0.548143983 -0.427542061 0.381159961
1403638221545096960.000000 3.335749149 2.204261541 0.808351278 -0.617461681 -0.545698047 -0.418499947 0.381853998
1403638222045096960.000000 3.335189104 1.994417429 0.792608202 -0.610800326 -0.543719888 -0.427454323 0.385453492
1403638222395097088.000000 3.334866524 1.860570550 0.806471229 -0.618884921 -0.551922739 -0.416589975 0.372579724
1403638222895097088.000000 3.327732325 1.739543200 0.749338627 -0.608206332 -0.541859925 -0.431308359 0.387873709
1403638223195097088.000000 3.315515995 1.666507959 0.714229345 -0.614362180 -0.546025515 -0.422255009 0.382251263
1403638223495097088.000000 3.304215908 1.593378186 0.698891878 -0.625299335 -0.537394643 -0.406853199 0.393291652
1403638223795097088.000000 3.323522568 1.536235213 0.668451548 -0.614104033 -0.545030951 -0.424125910 0.382014006
1403638224095097088.000000 3.342994452 1.485125184 0.625415564 -0.612596154 -0.553036034 -0.425623566 0.371108711
1403638224395097088.000000 3.341434240 1.457410336 0.581007421 -0.615463614 -0.549924076 -0.421931267 0.375182658
1403638224695097088.000000 3.328632355 1.448359370 0.542577863 -0.614319980 -0.546432137 -0.423234642 0.380651385
1403638224995097088.000000 3.310224295 1.447952509 0.526941299 -0.618157208 -0.539034247 -0.416710854 0.392015040
1403638225295097088.000000 3.305488825 1.456442237 0.536558032 -0.616471469 -0.549774349 -0.416624993 0.379650652
1403638225595097088.000000 3.304043531 1.472908497 0.533438742 -0.599534631 -0.538645923 -0.440397471 0.395561665
1403638225895097088.000000 3.292274714 1.464661241 0.455709040 -0.609207690 -0.549785495 -0.426596284 0.380286247
1403638226195097088.000000 3.264382601 1.473329186 0.418164849 -0.628012002 -0.556000769 -0.392895252 0.376958013
1403638226395097088.000000 3.255305529 1.478361607 0.417367160 -0.616464674 -0.561506331 -0.410522699 0.368989289
1403638226695097088.000000 3.259212971 1.484479904 0.435765892 -0.617539406 -0.560461998 -0.410530746 0.368770897
1403638227195097088.000000 3.262988091 1.490362048 0.459278643 -0.618427515 -0.560111344 -0.409406304 0.369065404
1403638227695097088.000000 3.262997866 1.495989203 0.474638015 -0.618687272 -0.560424030 -0.408911794 0.368703276
1403638228195097088.000000 3.260065079 1.504693627 0.481258273 -0.618948102 -0.560540318 -0.408631444 0.368399441
1403638228695097088.000000 3.256550312 1.519192219 0.478749096 -0.619279563 -0.560517132 -0.408230215 0.368322551
