#LBA time[ms],KF opt[#],KF fixed[#],MP[#],Edges[#]
0.006579,3,1,0,561
0.001459,4,1,0,1130
0.319030,5,1,0,1609
0.350155,6,1,0,2081
0.408033,7,1,0,2743
0.696319,8,1,0,2996
1.615507,9,1,0,3182
0.972362,10,1,0,3797
0.992437,0,0,0,0
50.795488,0,0,0,0
0.686254,0,0,0,0
1.172191,0,0,0,0
1.583564,0,0,0,0
1.274530,0,0,0,0
1.426907,0,0,0,0
1.388119,0,0,0,0
1.633043,0,0,0,0
1.824665,0,0,0,0
2.107140,0,0,0,0
2.479772,0,0,0,0
1.588699,0,0,0,0
2.488049,0,0,0,0
2.166457,0,0,0,0
2.585021,0,0,0,0
2.392323,0,0,0,0
2.446986,0,0,0,0
2.386633,0,0,0,0
2.329306,0,0,0,0
2.063409,0,0,0,0
2.279118,0,0,0,0
2.360781,0,0,0,0
2.445278,0,0,0,0
1.963662,0,0,0,0
1.905228,0,0,0,0
1.839631,0,0,0,0
2.671296,0,0,0,0
2.192785,0,0,0,0
1.969455,0,0,0,0
1.924710,0,0,0,0
1.961444,0,0,0,0
3.433758,0,0,0,0
2.418164,0,0,0,0
1.679664,0,0,0,0
2.717927,0,0,0,0
2.900567,0,0,0,0
1.521504,0,0,0,0
2.468706,3,1,0,439
2.988551,4,1,0,625
0.002980,5,1,0,1051
0.003130,6,1,0,1413
0.194290,7,1,0,2199
0.342731,8,1,0,2930
0.385312,9,1,0,3472
0.795090,10,1,0,3901
0.770566,0,0,0,0
1.012982,0,0,0,0
1.231110,0,0,0,0
87.640640,0,0,0,0
0.708771,0,0,0,0
0.902739,0,0,0,0
1.637559,0,0,0,0
1.275718,0,0,0,0
1.691693,0,0,0,0
1.334339,0,0,0,0
1.945080,0,0,0,0
1.256929,0,0,0,0
1.581348,0,0,0,0
1.653054,0,0,0,0
1.794359,0,0,0,0
2.794752,0,0,0,0
2.817216,0,0,0,0
2.181904,0,0,0,0
2.538885,0,0,0,0
2.162573,0,0,0,0
2.440731,0,0,0,0
2.284970,0,0,0,0
2.160241,0,0,0,0
2.275372,0,0,0,0
1.722749,0,0,0,0
2.983658,0,0,0,0
2.903917,0,0,0,0
2.016126,0,0,0,0
2.641992,0,0,0,0
1.986704,0,0,0,0
2.539750,0,0,0,0
1.571837,0,0,0,0
2.505773,0,0,0,0
2.434258,0,0,0,0
2.652379,0,0,0,0
2.802228,0,0,0,0
2.943282,0,0,0,0
2.725855,0,0,0,0
2.888252,0,0,0,0
3.825826,0,0,0,0
2.733475,0,0,0,0
2.803315,0,0,0,0
2.784939,0,0,0,0
3.490850,0,0,0,0
1.670288,0,0,0,0
3.543961,0,0,0,0
4.082567,0,0,0,0
2.370403,0,0,0,0
3.149110,0,0,0,0
2.611406,0,0,0,0
2.563358,0,0,0,0
3.015090,0,0,0,0
1.893022,0,0,0,0
4.389993,0,0,0,0
2.483882,0,0,0,0
2.882571,0,0,0,0
4.446541,0,0,0,0
4.640728,0,0,0,0
3.092636,0,0,0,0
5.027718,0,0,0,0
3.774768,0,0,0,0
4.078307,0,0,0,0
3.124536,0,0,0,0
2.838126,0,0,0,0
5.087208,0,0,0,0
3.576950,0,0,0,0
2.730211,0,0,0,0
2.607286,0,0,0,0
6.243283,0,0,0,0
3.510515,0,0,0,0
5.450682,0,0,0,0
3.723925,0,0,0,0
2.922894,0,0,0,0
5.189764,0,0,0,0
4.541548,0,0,0,0
3.183273,0,0,0,0
4.254743,0,0,0,0
3.815180,0,0,0,0
5.018811,0,0,0,0
3.906737,0,0,0,0
4.558010,0,0,0,0
3.347241,0,0,0,0
3.225563,0,0,0,0
6.285071,0,0,0,0
4.813965,0,0,0,0
6.135394,0,0,0,0
6.531809,0,0,0,0
8.923636,0,0,0,0
5.988192,0,0,0,0
7.367615,0,0,0,0
7.891071,0,0,0,0
5.920059,0,0,0,0
8.338916,0,0,0,0
9.015801,0,0,0,0
7.804268,0,0,0,0
9.103677,0,0,0,0
8.167699,0,0,0,0
8.373345,0,0,0,0
7.345363,0,0,0,0
8.517500,0,0,0,0
7.987276,0,0,0,0
10.380299,0,0,0,0
9.104035,0,0,0,0
9.602161,0,0,0,0
8.868117,0,0,0,0
6.508739,0,0,0,0
8.051057,0,0,0,0
7.507240,0,0,0,0
8.602051,0,0,0,0
5.204523,0,0,0,0
10.123303,0,0,0,0
5.103066,0,0,0,0
10.075592,0,0,0,0
4.844515,0,0,0,0
6.605007,0,0,0,0
5.632230,0,0,0,0
6.645782,0,0,0,0
3.652192,0,0,0,0
4.026720,0,0,0,0
3.994583,0,0,0,0
5.249792,0,0,0,0
4.961714,0,0,0,0
4.080857,0,0,0,0
3.192412,0,0,0,0
6.058578,0,0,0,0
5.689114,0,0,0,0
5.035875,0,0,0,0
2.578904,0,0,0,0
7.113934,0,0,0,0
4.524951,0,0,0,0
3.759367,0,0,0,0
4.343709,0,0,0,0
3.476307,0,0,0,0
2.589266,0,0,0,0
4.194159,0,0,0,0
2.203549,0,0,0,0
2.599912,0,0,0,0
2.840076,0,0,0,0
2.102231,0,0,0,0
1.939266,0,0,0,0
2.668762,0,0,0,0
2.351766,0,0,0,0
3.249414,0,0,0,0
3.314921,0,0,0,0
3.424481,0,0,0,0
5.872480,0,0,0,0
3.091841,0,0,0,0
3.225357,0,0,0,0
3.546503,0,0,0,0
3.654945,0,0,0,0
3.308646,0,0,0,0
4.098708,0,0,0,0
2.874574,0,0,0,0
3.798176,0,0,0,0
3.756062,0,0,0,0
3.253623,0,0,0,0
3.365024,0,0,0,0
2.571874,0,0,0,0
1.975783,0,0,0,0
3.179943,0,0,0,0
3.155685,0,0,0,0
3.974587,0,0,0,0
3.564202,0,0,0,0
3.731142,0,0,0,0
2.660519,0,0,0,0
3.943384,0,0,0,0
2.083541,0,0,0,0
3.425615,0,0,0,0
2.073302,0,0,0,0
4.685404,0,0,0,0
4.894242,0,0,0,0
5.046743,0,0,0,0
3.962434,0,0,0,0
5.945477,0,0,0,0
3.090068,0,0,0,0
3.474385,0,0,0,0
3.369685,0,0,0,0
4.559230,0,0,0,0
3.037269,0,0,0,0
4.931418,0,0,0,0
4.727900,0,0,0,0
4.618084,0,0,0,0
2.968707,0,0,0,0
5.231024,0,0,0,0
2.824631,0,0,0,0
3.655759,0,0,0,0
3.938502,0,0,0,0
4.264877,0,0,0,0
2.569482,0,0,0,0
5.077290,0,0,0,0
3.268821,0,0,0,0
4.490958,0,0,0,0
4.999001,0,0,0,0
4.632172,0,0,0,0
3.202685,0,0,0,0
2.339154,0,0,0,0
3.268957,0,0,0,0
3.701233,0,0,0,0
3.773178,0,0,0,0
3.467445,0,0,0,0
3.376880,0,0,0,0
3.595524,0,0,0,0
4.909447,0,0,0,0
4.274392,0,0,0,0
4.648055,0,0,0,0
6.459755,0,0,0,0
3.995010,0,0,0,0
4.720495,0,0,0,0
4.478648,0,0,0,0
4.802574,0,0,0,0
4.604302,0,0,0,0
5.387460,0,0,0,0
4.537752,0,0,0,0
5.583667,0,0,0,0
4.534919,0,0,0,0
4.182240,0,0,0,0
4.706217,0,0,0,0
4.369002,0,0,0,0
4.885103,0,0,0,0
5.288540,0,0,0,0
5.044458,0,0,0,0
4.699411,0,0,0,0
5.394774,0,0,0,0
5.091758,0,0,0,0
4.763579,0,0,0,0
4.922691,0,0,0,0
4.572994,0,0,0,0
5.631677,0,0,0,0
6.751666,0,0,0,0
5.111613,0,0,0,0
4.397559,0,0,0,0
4.015963,0,0,0,0
4.336590,0,0,0,0
4.308243,0,0,0,0
4.259169,0,0,0,0
4.786020,0,0,0,0
4.009405,0,0,0,0
4.463931,0,0,0,0
5.210003,0,0,0,0
3.818086,0,0,0,0
4.566188,0,0,0,0
4.483078,0,0,0,0
4.047240,0,0,0,0
5.203707,0,0,0,0
5.421035,0,0,0,0
3.656099,0,0,0,0
5.087584,0,0,0,0
6.885634,0,0,0,0
3.858525,0,0,0,0
4.067052,0,0,0,0
5.338950,0,0,0,0
4.339765,0,0,0,0
5.471958,0,0,0,0
5.738653,0,0,0,0
3.842447,0,0,0,0
4.428712,0,0,0,0
5.341190,0,0,0,0
4.390228,0,0,0,0
6.926024,0,0,0,0
5.141921,0,0,0,0
4.968344,0,0,0,0
4.066294,0,0,0,0
4.058405,0,0,0,0
5.409098,0,0,0,0
3.775141,0,0,0,0
5.564007,0,0,0,0
3.874358,0,0,0,0
4.116367,0,0,0,0
3.344790,0,0,0,0
4.836792,0,0,0,0
4.205046,0,0,0,0
3.390401,0,0,0,0
7.153566,0,0,0,0
4.883740,0,0,0,0
4.018841,0,0,0,0
6.255058,0,0,0,0
4.909235,0,0,0,0
3.848554,0,0,0,0
5.181925,0,0,0,0
5.168271,0,0,0,0
4.474347,0,0,0,0
5.175408,0,0,0,0
5.780777,0,0,0,0
4.584595,0,0,0,0
5.011748,0,0,0,0
5.856890,0,0,0,0
4.502961,0,0,0,0
6.281207,0,0,0,0
4.969976,0,0,0,0
4.258460,0,0,0,0
6.747486,0,0,0,0
4.354230,0,0,0,0
6.891214,0,0,0,0
8.238551,0,0,0,0
6.894620,0,0,0,0
5.181199,0,0,0,0
5.631668,0,0,0,0
5.584455,0,0,0,0
5.241914,0,0,0,0
8.711098,0,0,0,0
5.898918,0,0,0,0
6.494349,0,0,0,0
7.335399,0,0,0,0
6.875984,0,0,0,0
5.250515,0,0,0,0
7.705481,0,0,0,0
6.994133,0,0,0,0
4.720381,0,0,0,0
6.663502,0,0,0,0
5.523247,0,0,0,0
4.553681,0,0,0,0
5.660802,0,0,0,0
6.057892,0,0,0,0
6.622877,0,0,0,0
7.044650,0,0,0,0
5.076394,0,0,0,0
6.092095,0,0,0,0
6.984577,0,0,0,0
6.150401,0,0,0,0
4.501067,0,0,0,0
5.521439,0,0,0,0
6.916561,0,0,0,0
7.459952,0,0,0,0
6.236115,0,0,0,0
5.219999,0,0,0,0
6.730160,0,0,0,0
5.652849,0,0,0,0
6.940944,0,0,0,0
5.180338,0,0,0,0
5.932725,0,0,0,0
4.926091,0,0,0,0
7.510359,0,0,0,0
5.579344,0,0,0,0
7.779473,0,0,0,0
7.251543,0,0,0,0
6.467039,0,0,0,0
7.542507,0,0,0,0
8.116955,0,0,0,0
7.167682,0,0,0,0
10.354149,0,0,0,0
6.497588,0,0,0,0
8.890046,0,0,0,0
7.532805,0,0,0,0
8.657406,0,0,0,0
5.718768,0,0,0,0
7.764975,0,0,0,0
6.382731,0,0,0,0
5.120067,0,0,0,0
4.908032,0,0,0,0
6.476557,0,0,0,0
6.044186,0,0,0,0
5.580418,0,0,0,0
4.390315,0,0,0,0
6.354995,0,0,0,0
5.265196,0,0,0,0
5.467091,0,0,0,0
8.851579,0,0,0,0
5.991946,0,0,0,0
7.686836,0,0,0,0
6.730833,0,0,0,0
9.096221,0,0,0,0
7.551625,0,0,0,0
6.742145,0,0,0,0
8.789815,0,0,0,0
7.195327,0,0,0,0
9.287163,0,0,0,0
7.455632,0,0,0,0
8.519533,0,0,0,0
8.981422,0,0,0,0
9.695336,0,0,0,0
9.086643,0,0,0,0
10.600505,0,0,0,0
8.637804,0,0,0,0
10.724084,0,0,0,0
7.200417,0,0,0,0
9.039008,0,0,0,0
9.055956,0,0,0,0
10.333987,0,0,0,0
5.530812,0,0,0,0
8.443995,0,0,0,0
6.756087,0,0,0,0
9.944567,0,0,0,0
10.277733,0,0,0,0
11.034231,0,0,0,0
8.461658,0,0,0,0
11.213520,0,0,0,0
8.400855,0,0,0,0
7.695723,0,0,0,0
8.032855,0,0,0,0
6.559641,0,0,0,0
9.494556,0,0,0,0
10.378640,0,0,0,0
6.162816,0,0,0,0
10.005390,0,0,0,0
8.249782,0,0,0,0
9.285548,0,0,0,0
10.247839,0,0,0,0
8.139632,0,0,0,0
9.341756,0,0,0,0
7.583096,0,0,0,0
9.251623,0,0,0,0
9.322228,0,0,0,0
6.329353,0,0,0,0
7.896446,0,0,0,0
10.280637,0,0,0,0
8.265498,0,0,0,0
5.640108,0,0,0,0
11.306276,0,0,0,0
6.883725,0,0,0,0
9.669708,0,0,0,0
7.413657,0,0,0,0
8.483396,0,0,0,0
10.681718,0,0,0,0
9.369263,0,0,0,0
10.558666,0,0,0,0
10.832301,0,0,0,0
8.448688,0,0,0,0
10.327255,0,0,0,0
12.939240,0,0,0,0
9.099818,0,0,0,0
10.291033,0,0,0,0
13.448922,0,0,0,0
9.185240,0,0,0,0
9.446675,0,0,0,0
16.703046,0,0,0,0
12.175527,0,0,0,0
12.212029,0,0,0,0
6.394902,0,0,0,0
6.853509,0,0,0,0
5.734569,0,0,0,0
7.605707,0,0,0,0
4.160999,0,0,0,0
5.767270,0,0,0,0
6.474704,0,0,0,0
7.430703,0,0,0,0
5.264761,0,0,0,0
6.138574,0,0,0,0
4.684645,0,0,0,0
8.673986,0,0,0,0
3.799918,0,0,0,0
6.665662,0,0,0,0
6.592336,0,0,0,0
5.749456,0,0,0,0
4.626641,0,0,0,0
3.823712,0,0,0,0
5.782925,0,0,0,0
4.188209,0,0,0,0
5.131014,0,0,0,0
5.502323,0,0,0,0
4.442274,0,0,0,0
3.521975,0,0,0,0
17.331108,0,0,0,0
10.383095,0,0,0,0
18.029132,0,0,0,0
14.280070,0,0,0,0
12.125722,0,0,0,0
15.053626,0,0,0,0
15.315983,0,0,0,0
15.711230,0,0,0,0
11.515035,0,0,0,0
17.149331,0,0,0,0
15.585237,0,0,0,0
13.799909,0,0,0,0
14.648796,0,0,0,0
13.925819,0,0,0,0
15.116673,0,0,0,0
14.728543,0,0,0,0
15.786072,0,0,0,0
14.648574,0,0,0,0
12.960270,0,0,0,0
15.120886,0,0,0,0
14.965237,0,0,0,0
15.234405,0,0,0,0
16.755619,0,0,0,0
13.375642,0,0,0,0
18.342098,0,0,0,0
15.030480,0,0,0,0
17.137524,0,0,0,0
14.609699,0,0,0,0
17.909918,0,0,0,0
20.257209,0,0,0,0
17.703473,0,0,0,0
19.459163,0,0,0,0
15.666182,0,0,0,0
16.648321,0,0,0,0
15.636319,0,0,0,0
15.936805,0,0,0,0
12.122070,32547,1086115236,32547,1079347612
13.948298,-2038042320,-946746775,1,-211930866
12.360535,32547,-1063322470,0,1079375530
15.269192,-2038040112,-929233606,-1097078272,-2053337965
