#Stereo rect[ms], MP culling[ms], MP creation[ms], LBA[ms], KF culling[ms], Total[ms]
7.699088,0.123617,1.292979,0.015520,0.015520,9.143525
7.591566,0.399974,5.896598,0.004480,0.004480,13.896650
7.516909,0.025793,0.316228,0.005184,0.005184,7.868978
6.110521,0.050496,0.613929,0.005312,0.005312,6.783650
8.977571,0.171074,1.823099,0.006336,0.006336,10.984928
10.343382,0.394438,5.212236,0.005600,0.005600,15.959304
9.829103,0.768427,10.170164,0.297892,0.297892,59.051579
6.724322,0.044672,0.590857,0.005472,0.005472,7.369515
6.848163,0.192003,1.681880,0.004225,0.004225,8.732159
8.133494,0.476007,8.567133,0.233315,0.233315,36.628597
7.372076,0.138082,1.653816,0.006080,0.006080,9.173670
10.710012,0.490439,4.860262,0.004672,0.004672,16.068330
10.894911,0.650601,5.216332,0.680042,0.680042,52.886434
7.960084,0.816140,10.633274,1.000366,1.000366,55.759563
7.070983,0.498951,10.263797,0.814860,0.814860,57.760808
8.230360,0.320357,12.527254,0.846956,0.846956,61.280444
7.703792,0.252420,16.556337,1.061456,1.061456,64.097765
8.869057,0.483271,25.943865,0.854540,0.854540,72.810627
11.716811,0.665546,33.440518,0.725899,0.725899,84.339340
8.518300,0.440326,21.602011,37.054748,37.054748,98.880959
8.015125,0.466854,23.959165,1.362548,1.362548,69.301456
8.226200,0.440902,23.826395,1.767898,1.767898,72.853188
8.774784,0.306180,23.937244,1.894715,1.894715,79.207456
7.856370,0.296165,23.938268,2.092542,2.092542,77.120738
8.467452,0.305860,26.263902,2.302849,2.302849,85.378363
7.671344,0.252452,21.385239,2.638279,2.638279,80.451091
9.070532,0.266948,24.717127,2.869898,2.869898,110.926670
8.985442,0.378342,25.011596,3.005740,3.005740,126.742996
11.165922,0.420390,27.539569,3.386929,3.386929,125.971208
10.754429,0.443078,24.273281,3.305968,3.305968,121.994447
11.489831,0.426022,37.868231,3.500595,3.500595,130.622572
8.872417,0.289316,26.557955,4.055227,4.055227,118.298681
10.140628,0.424806,35.352386,4.037179,4.037179,130.830128
11.014432,0.469959,35.441092,4.315423,4.315423,133.529303
9.946576,0.642634,31.870159,4.150941,4.150941,131.213461
10.399640,0.403110,31.980337,4.090652,4.090652,208.767646
9.448873,0.447175,26.710116,3.369905,3.369905,124.097133
11.032960,0.289157,32.407703,3.868248,3.868248,129.259512
10.882207,0.401574,27.981271,3.898488,3.898488,124.679255
10.183316,0.390566,25.540435,3.766295,3.766295,122.578135
9.537067,0.360773,29.859282,3.947865,3.947865,93.133291
10.013009,0.319237,32.847390,3.099597,3.099597,96.660350
10.118259,0.328229,33.514152,4.729989,4.729989,108.976178
8.671103,0.330468,24.648135,3.889912,3.889912,82.668723
9.349640,0.377830,25.889496,5.443184,5.443184,82.097483
11.090337,0.443463,27.493968,3.809591,3.809591,92.580035
8.048949,0.285380,21.850846,5.018089,5.018089,79.459652
12.471253,0.377190,37.298526,3.031052,3.031052,149.743330
9.667085,0.272004,30.012500,4.638884,4.638884,130.367689
7.898195,0.370053,29.221449,3.848376,3.848376,125.901064
10.244085,0.408326,29.867954,2.849865,2.849865,137.153995
11.544200,0.306212,32.128852,4.850407,4.850407,127.445630
12.212721,0.253956,31.946417,3.982202,3.982202,125.988297
12.950333,0.309188,41.972035,3.493459,3.493459,143.253029
12.397525,0.349093,38.258124,5.735795,5.735795,146.034893
11.755787,0.388261,36.944378,3.428082,3.428082,139.408012
10.672123,0.378501,39.051321,3.361713,3.361713,144.057872
11.764491,0.347333,43.297654,3.895833,3.895833,141.820336
9.431497,0.464839,30.974659,5.428975,5.428975,131.890111
7.932564,0.495783,31.807343,4.643908,4.643908,95.712305
7.024614,0.390438,27.201420,3.874168,3.874168,110.607401
5.127819,0.268835,16.880310,5.885270,5.885270,87.415576
6.472990,0.322501,24.798857,5.095434,5.095434,93.136459
7.386124,0.286148,27.838677,4.843814,4.843814,93.814773
8.795296,0.346405,31.305960,4.643811,4.643811,95.303051
9.334056,0.337221,33.798060,4.259902,4.259902,97.934321
8.093493,0.301925,22.164162,3.933498,3.933498,125.078012
10.905887,0.369637,32.536442,3.707254,3.707254,84.614287
7.305515,0.316676,25.388434,5.613138,5.613138,73.294987
6.264411,0.384870,25.227983,4.212669,4.212669,75.821807
7.091111,0.292420,28.880005,5.303181,5.303181,88.288869
8.869345,0.324901,35.836874,4.264574,4.264574,93.649299
9.082756,0.320517,32.265397,4.943880,4.943880,132.169795
9.740109,0.449799,29.533998,5.200332,5.200332,83.106137
10.995360,0.428070,33.070849,3.748695,3.748695,119.298984
11.305989,0.488423,34.088336,3.146222,3.146222,119.674158
12.252306,0.566280,37.778918,4.922792,4.922792,125.068860
11.116130,0.492583,41.863905,3.004012,3.004012,126.992344
7.314251,0.429894,30.941154,3.490771,3.490771,94.980838
6.548416,0.458726,30.418107,4.038459,4.038459,104.991832
6.934628,0.242660,26.785094,5.683986,5.683986,85.698014
10.335383,0.345381,37.854055,3.152942,3.152942,100.119633
11.278533,0.320996,37.911624,3.103917,3.103917,122.265107
13.010045,0.329189,45.416148,4.225918,4.225918,131.625531
9.801390,0.419526,43.370616,4.631556,4.631556,109.344375
4.294782,0.258564,18.811634,4.768645,4.768645,67.803738
9.495690,0.348453,32.299926,5.988951,5.988951,93.717012
10.769020,0.309477,36.132014,2.844810,2.844810,128.785330
11.554728,0.457415,38.373966,3.916825,3.916825,123.201857
10.416279,0.465255,35.052126,3.771447,3.771447,129.876226
11.438662,0.436359,40.660367,3.774454,3.774454,124.303920
11.523560,0.437734,38.724083,4.233853,4.233853,122.700537
10.100211,0.463591,31.545387,4.977032,4.977032,127.267516
12.739385,0.358597,40.292203,3.722518,3.722518,123.537157
13.770856,0.388998,42.951985,4.028283,4.028283,130.465354
10.601306,0.337957,37.796934,5.060522,5.060522,104.664531
6.701089,0.276164,20.794031,4.034971,4.034971,68.751112
9.312648,0.377221,36.083853,4.296575,4.296575,128.470318
10.745692,0.353061,43.946624,3.707414,3.707414,127.441086
10.647803,0.393958,38.409870,5.328845,5.328845,106.894739
8.252857,0.310628,27.442543,3.745846,3.745846,103.910184
8.745567,0.190851,25.741942,5.496304,5.496304,100.807706
7.731440,0.207907,24.916107,3.491219,3.491219,96.648478
6.272732,0.191427,23.276338,5.725299,5.725299,96.554429
5.568977,0.236003,19.778240,3.254959,3.254959,66.732459
8.692254,0.265316,24.822953,5.274765,5.274765,83.780035
9.597356,0.261251,31.309672,5.087274,5.087274,86.764046
10.335542,0.220580,36.534227,5.081642,5.081642,107.032629
7.352171,0.173666,25.520052,4.492257,4.492257,72.600096
11.948430,0.233635,33.613673,4.561666,4.561666,289.090863
4.986504,0.120834,19.826561,4.967337,4.967337,69.814776
8.133559,0.170562,39.786307,4.926696,4.926696,96.523133
8.941762,0.236548,34.820666,4.257918,4.257918,92.141085
8.574237,0.197891,34.336339,5.679667,5.679667,93.109195
9.955377,0.187235,37.189757,4.357215,4.357215,106.516270
9.976209,0.192866,39.005656,4.643204,4.643204,94.595008
10.067954,0.150978,34.171602,5.963702,5.963702,128.498733
10.047154,0.185187,34.563767,4.718117,4.718117,130.664205
10.103027,0.096577,34.336788,4.426785,4.426785,131.186037
9.868495,0.095298,33.253764,4.659172,4.659172,130.226759
10.802941,0.073121,32.921471,4.898599,4.898599,130.311048
10.525721,0.053089,31.241959,4.596355,4.596355,168.358706
10.497720,0.023073,28.041784,5.651955,5.651955,141.507307
11.435238,0.035073,22.984686,5.481839,5.481839,170.522897
11.886509,0.021824,17.923109,6.320860,6.320860,124.766487
12.402517,0.033312,18.097639,5.582161,5.582161,131.923104
13.387939,0.025441,17.856035,5.981399,5.981399,134.527878
13.496741,0.030752,18.141288,7.257449,7.257449,128.925524
14.342576,0.041377,17.630817,5.052042,5.052042,140.120183
14.725942,0.049249,18.547822,5.633874,5.633874,131.090644
16.194731,0.021729,18.276362,5.310189,5.310189,192.859766
15.284222,0.019297,17.188794,5.690995,5.690995,124.678966
16.527888,0.014785,20.964913,6.775427,6.775427,134.190721
16.291245,0.028224,20.204934,7.393643,7.393643,142.347799
18.630319,0.015328,18.006630,6.379901,6.379901,134.831946
19.078069,0.027521,18.402636,7.758353,7.758353,134.197729
20.075876,0.029473,19.289176,9.067588,9.067588,141.075525
19.236152,0.029056,18.516878,7.637743,7.637743,134.371939
19.084470,0.029440,18.276778,7.229930,7.229930,142.003251
20.021060,0.038368,19.495228,6.949701,6.949701,172.938581
19.559452,0.030657,19.743551,6.837443,6.837443,137.737876
19.107414,0.036001,19.332089,5.444015,5.444015,135.162095
20.937744,0.039009,15.638948,8.213079,8.213079,131.843102
20.193606,0.044289,23.077583,7.910067,7.910067,153.809726
19.650334,0.033088,21.680604,7.291338,7.291338,138.560352
20.492170,0.043552,22.067810,9.036484,9.036484,149.806436
20.257351,0.047328,22.597449,6.001879,6.001879,138.737539
21.964288,0.045600,23.477494,7.426316,7.426316,142.083796
22.724427,0.030336,24.007997,8.596829,8.596829,150.286219
21.926079,0.043361,23.600951,8.364602,8.364602,156.088160
19.816672,0.033761,23.299443,8.467131,8.467131,140.064695
21.055379,0.040448,22.853133,6.253979,6.253979,138.604898
22.124514,0.021312,15.236254,7.456493,7.456493,136.641285
23.012719,0.032896,24.757256,8.081110,8.081110,144.486519
22.512807,0.039361,24.739816,7.822130,7.822130,174.983506
22.514280,0.037313,23.124112,8.510812,8.510812,144.094642
22.777931,0.024737,24.320705,7.243402,7.243402,149.998407
23.418101,0.024193,24.532037,8.571741,8.571741,146.119759
24.331491,0.022528,23.838491,8.858721,8.858721,147.162142
22.607145,0.019489,24.124543,9.029219,9.029219,147.083901
24.671559,0.019648,24.491301,9.128869,9.128869,149.295805
23.853851,0.021056,24.272513,7.235050,7.235050,161.404461
25.311921,0.023744,25.069421,8.873313,8.873313,149.214620
23.210290,0.042720,26.341376,9.656428,9.656428,150.706161
23.725082,0.035424,27.041258,9.140133,9.140133,149.602914
23.564151,0.044833,17.135289,9.077700,9.077700,136.844552
15.768709,0.044321,17.005399,8.493340,8.493340,96.824353
9.952081,0.046401,9.242790,9.281640,9.281640,95.245067
9.757646,0.056832,9.686765,11.074401,11.074401,76.771997
13.554469,0.063809,15.204637,9.913201,9.913201,92.520547
14.084173,0.078049,18.454285,9.229798,9.229798,133.143762
13.188384,0.135074,18.034086,7.927379,7.927379,130.266440
12.563031,0.151683,37.517346,12.019791,12.019791,111.871133
9.451977,0.129346,30.425275,9.249895,9.249895,133.015856
12.990973,0.204611,33.270564,10.510329,10.510329,162.695744
8.031413,0.137410,20.229223,10.805917,10.805917,102.515380
8.750815,0.117890,24.041342,7.066407,7.066407,105.068537
8.518076,0.124866,22.493543,9.603820,9.603820,108.196679
16.016233,0.437126,68.425124,7.025159,7.025159,179.738904
17.436990,0.642537,80.835416,9.778127,9.778127,198.487145
17.341244,0.649866,79.576102,10.225077,10.225077,189.974349
12.179377,0.597865,63.759808,7.330666,7.330666,172.327244
17.456958,0.761099,78.180242,9.382089,9.382089,205.189515
9.259207,0.444390,42.435466,9.706669,9.706669,152.985843
16.605906,0.530504,67.668921,10.235253,10.235253,194.439311
16.924854,0.605065,62.578927,9.064996,9.064996,194.695474
17.116313,0.647882,83.618145,9.754990,9.754990,215.736900
15.392256,0.788940,68.230753,8.314457,8.314457,191.941258
14.024300,0.831596,55.829196,9.660909,9.660909,191.752007
11.595625,0.495303,44.643370,8.920898,8.920898,161.356621
7.722385,0.273924,24.923467,6.719874,6.719874,133.170451
8.877473,0.271620,33.170275,9.098532,9.098532,146.646294
7.837298,0.240323,28.752163,9.052548,9.052548,141.512172
8.799168,0.208579,31.785519,6.218586,6.218586,139.905620
9.701421,0.210851,36.743735,10.565562,10.565562,153.690909
10.240053,0.281380,37.409504,7.309802,7.309802,152.829168
9.320424,0.332997,42.906737,8.370458,8.370458,177.555033
14.184782,0.506504,67.312596,9.144101,9.144101,202.033981
14.446354,0.649258,64.822671,8.163415,8.163415,203.198606
15.362208,0.622985,62.903475,7.666640,7.666640,209.108420
12.342420,0.431078,45.965149,10.393399,10.393399,193.686627
16.768052,0.517895,64.008132,10.407159,10.407159,223.031982
17.251836,0.611049,56.950012,7.097640,7.097640,222.739915
15.670085,0.551080,50.054488,7.607663,7.607663,222.568392
17.369820,0.744971,58.825721,11.224195,11.224195,248.870054
18.687184,0.708490,64.105285,10.351191,10.351191,252.204951
13.821449,0.590761,42.726222,11.822252,11.822252,222.313828
14.871096,0.567432,42.344905,9.196102,9.196102,222.130561
12.288051,0.501608,42.380232,8.725791,8.725791,227.839445
15.383072,0.614697,55.982991,10.101875,10.101875,252.137238
10.678940,0.483175,43.799293,14.394321,14.394321,238.129322
9.113285,0.332260,30.429179,11.222563,11.222563,212.213393
9.704173,0.378790,34.182097,10.879294,10.879294,219.985122
14.023596,0.611561,46.726696,9.013539,9.013539,252.857632
13.476772,0.689290,47.906169,9.566540,9.566540,230.733631
13.154463,0.575113,50.415710,11.692938,11.692938,233.646633
9.754414,0.463847,45.219186,12.500438,12.500438,225.413490
14.546004,0.603305,55.871245,14.013836,14.013836,256.858971
8.546845,0.320132,29.856051,10.764829,10.764829,204.400352
8.742463,0.288420,28.085049,11.764843,11.764843,215.444320
7.474413,0.290084,25.160815,12.396084,12.396084,200.162114
8.028949,0.253860,25.788983,8.812192,8.812192,195.143705
8.049237,0.226115,29.997493,9.789231,9.789231,199.042161
8.240344,0.221347,29.125064,7.757585,7.757585,203.165838
14.643925,0.249412,53.562892,11.026593,11.026593,231.736814
14.018188,0.396293,49.416048,9.672141,9.672141,221.772284
13.576677,0.345893,56.604056,10.385432,10.385432,228.200986
10.366999,0.265156,48.938313,10.515545,10.515545,218.774577
15.310303,0.371877,57.278914,7.375915,7.375915,224.510404
16.440399,0.407174,68.017854,8.821888,8.821888,251.166888
14.236464,0.368677,53.423178,6.888004,6.888004,217.253051
18.136744,0.513640,73.854835,7.215529,7.215529,255.336069
19.302681,0.545416,71.450768,8.225816,8.225816,256.320884
20.422634,0.508231,70.900328,9.144837,9.144837,260.038634
20.593387,0.505000,78.205554,7.747185,7.747185,266.947182
21.012626,0.517447,82.712756,8.138358,8.138358,281.693380
14.676182,0.386917,47.359634,9.781998,9.781998,225.931417
22.576777,0.360773,69.231344,8.503772,8.503772,263.688223
23.473686,0.407814,86.621005,11.748075,11.748075,307.736576
24.247680,0.485032,80.653686,9.526379,9.526379,241.574428
20.002275,0.361477,52.380571,12.123089,12.123089,257.602310
23.955165,0.445094,84.136873,8.554236,8.554236,302.575221
14.735511,0.366085,44.917966,9.593900,9.593900,258.320529
13.319522,0.345509,40.829778,10.460313,10.460313,234.915100
17.449214,0.379685,48.223518,8.868545,8.868545,254.353047
13.079038,0.295621,42.273927,10.826526,10.826526,255.603625
10.864095,0.349829,37.064955,13.080991,13.080991,252.805729
8.045685,0.351109,27.370318,10.522105,10.522105,221.576953
7.021414,0.424582,22.720395,11.195907,11.195907,215.707588
13.338786,0.719307,51.703888,12.345908,12.345908,263.917058
13.893994,0.838668,54.432249,12.343572,12.343572,272.170298
8.963106,0.650506,24.486372,9.434474,9.434474,221.655963
9.201062,0.535367,39.118522,12.175761,12.175761,248.199773
7.594223,0.469447,26.760805,9.645357,9.645357,221.562426
8.818849,0.465254,31.951090,9.713613,9.713613,230.614589
8.015733,0.526343,24.965644,9.155430,9.155430,221.018450
12.279059,0.793196,42.015523,13.349122,13.349122,264.984114
12.260754,0.728171,41.246072,12.666649,12.666649,259.802182
12.966493,0.601768,36.491892,6.414078,6.414078,249.265901
8.834433,0.520744,31.288135,5.883446,5.883446,238.580274
7.799186,0.549416,26.648292,7.716912,7.716912,216.313805
9.180389,0.539432,41.711231,9.553835,9.553835,241.734207
8.989795,0.439655,33.596041,4.180188,4.180188,232.928159
9.202662,0.379654,29.859123,7.900819,7.900819,226.355712
11.643818,0.519207,42.972242,10.655611,10.655611,252.421915
8.084374,0.401446,27.101386,9.277767,9.277767,220.096036
5.388974,0.327173,17.515295,7.074215,7.074215,204.761157
7.984340,0.579080,25.077710,6.596768,6.596768,226.317279
8.354586,0.603880,26.540771,9.430378,9.430378,240.668944
10.157779,0.733163,23.826619,8.805152,8.805152,228.614336
10.547290,0.643337,36.145966,8.670302,8.670302,249.218892
10.635995,0.573448,34.589335,7.243050,7.243050,231.976497
9.645773,0.559496,23.785370,8.718911,8.718911,215.098428
6.478942,0.355941,16.912246,7.180904,7.180904,199.865437
7.180232,0.439047,27.664562,6.966438,6.966438,199.130931
8.254040,0.376838,31.062820,4.480993,4.480993,202.545157
10.662331,0.555080,34.181458,5.059274,5.059274,205.246412
8.552860,0.415782,27.472304,6.246107,6.246107,198.148741
8.610366,0.405734,28.183834,6.246395,6.246395,196.110151
8.175959,0.383269,27.371599,6.218299,6.218299,190.858075
7.791026,0.526983,24.031006,3.340464,3.340464,179.014414
6.770051,0.526823,20.599500,6.707010,6.707010,176.763342
7.432781,0.499879,21.932575,6.738850,6.738850,185.869298
8.065430,0.565064,25.944890,7.092711,7.092711,188.197748
6.891364,0.676330,22.480839,4.052763,4.052763,182.992872
6.042904,0.524455,22.394278,6.038072,6.038072,172.794995
6.553408,0.351525,24.662695,6.902596,6.902596,188.201844
6.991590,0.595337,24.786504,5.933878,5.933878,191.497572
6.635841,0.547464,23.102960,6.120889,6.120889,190.418612
5.914806,0.627977,20.273223,5.638578,5.638578,169.584485
6.021464,0.514567,19.513852,6.127482,6.127482,171.468129
7.451053,0.456295,23.450997,4.908072,4.908072,168.163601
6.504670,0.448263,22.063009,4.011835,4.011835,149.550497
10.006898,0.506439,32.794045,5.001833,5.001833,162.981861
10.115571,0.507527,30.728416,5.320014,5.320014,159.745334
11.193699,0.629129,36.092909,4.104700,4.104700,162.399260
11.780555,0.616457,47.859193,5.587217,5.587217,180.183423
12.249395,0.755403,49.641299,5.216492,5.216492,179.167313
10.900095,0.709162,38.628947,5.228301,5.228301,156.688394
7.235690,0.339749,23.757370,6.277564,6.277564,134.215779
7.977557,0.387365,26.032859,7.104680,7.104680,139.581041
7.542606,0.400806,25.525971,5.887445,5.887445,136.569380
6.683713,0.268100,21.697756,6.680290,6.680290,135.381075
7.477197,0.209763,26.037275,6.901508,6.901508,136.614405
11.565513,0.286468,49.611218,6.529695,6.529695,177.949119
9.476298,0.295973,35.983020,5.541553,5.541553,151.208218
9.642861,0.344517,35.631014,9.836111,9.836111,158.046653
9.440617,0.354501,40.206762,6.758307,6.758307,165.823502
10.226997,0.343077,42.636781,4.997673,4.997673,181.673205
9.279751,0.386694,38.356110,6.062712,6.062712,165.589451
4.541538,0.226147,15.092252,5.263949,5.263949,115.257070
4.237150,0.162914,13.552197,5.495344,5.495344,108.315241
4.970568,0.202819,18.361643,6.993638,6.993638,134.431653
3.441746,0.183938,14.763575,5.401358,5.401358,79.992044
4.408224,0.137122,17.075545,5.198123,5.198123,92.543715
4.185117,0.149698,15.475810,5.735284,5.735284,131.484155
3.086829,0.146498,13.089759,4.486594,4.486594,86.157767
3.383057,0.123458,13.780648,3.781175,3.781175,87.039635
3.301328,0.094114,13.296961,4.348927,4.348927,76.705885
3.187630,0.114178,12.698168,5.010761,5.010761,83.089273
2.827721,0.105889,11.828492,3.945882,3.945882,75.025700
2.669703,0.100481,11.867245,5.521296,5.521296,78.801851
2.367523,0.091297,10.827230,5.813652,5.813652,77.063235
1.899003,0.057153,10.260758,4.548450,4.548450,68.841834
1.492693,0.082402,8.403162,5.210732,5.210732,57.792329
1.401460,0.046017,7.273770,4.615363,4.615363,65.684764
1.369460,0.096289,6.849508,3.893465,3.893465,67.923901
1.744249,0.096738,8.745087,4.332415,4.332415,61.102266
2.969355,0.166371,11.801291,1.412117,1.412117,66.471496
4.378656,0.126018,13.795465,1.401940,1.401940,68.162177
5.701587,0.227619,15.835783,2.025501,2.025501,132.416744
7.343531,0.283173,22.406886,2.962635,2.962635,140.865315
9.280039,0.344773,33.335493,2.777736,2.777736,142.410041
9.170821,0.255812,32.086035,3.487315,3.487315,143.304102
8.939650,0.363238,32.890463,2.971659,2.971659,146.492597
13.032606,0.630281,50.158458,3.197678,3.197678,178.312356
11.578568,0.543752,37.368800,2.723719,2.723719,154.378536
14.706615,0.444710,55.290213,3.295216,3.295216,179.031471
15.430465,0.530055,44.999184,4.914311,4.914311,185.041094
11.078305,0.407046,38.250541,3.506964,3.506964,151.411581
10.038386,0.268580,29.004134,3.262831,3.262831,143.687052
8.363546,0.279748,28.647969,2.045086,2.045086,139.299212
8.774560,0.310180,30.041782,2.193504,2.193504,144.607578
9.134533,0.331973,30.122070,3.668598,3.668598,144.502392
7.475789,0.339365,26.223518,3.151054,3.151054,136.314657
8.663614,0.352869,29.078279,5.310894,5.310894,144.359894
8.372634,0.354149,27.617074,3.986298,3.986298,139.964566
7.444813,0.311972,25.596021,6.365372,6.365372,136.948042
7.253258,0.326181,25.501171,5.590769,5.590769,136.451427
7.270985,0.317765,24.301474,5.212236,5.212236,134.540231
8.534204,0.464391,33.196803,4.639299,4.639299,155.981791
5.362415,0.270852,19.853249,4.808742,4.808742,130.317514
9.869680,0.555560,37.240510,4.063931,4.063931,184.349565
10.715900,0.606089,42.537227,3.124878,3.124878,181.645781
12.014255,0.795180,47.309616,5.748851,5.748851,196.237481
12.221298,0.843084,47.268401,6.045496,6.045496,180.771560
12.621048,0.861933,49.241517,7.414796,7.414796,184.164890
8.428603,0.850156,41.534589,6.566847,6.566847,185.379212
12.336051,0.620873,49.956600,6.388861,6.388861,195.846211
13.685095,0.583113,49.798645,5.249613,5.249613,189.116450
13.628934,0.491495,55.297158,6.238811,6.238811,205.205196
9.454025,0.325669,37.282751,6.100089,6.100089,190.702489
11.748748,0.308900,39.792643,7.535374,7.535374,192.793048
11.761804,0.342213,40.876019,7.285354,7.285354,188.708060
11.634313,0.309477,39.937925,10.807005,10.807005,194.102090
10.333527,0.354085,37.595811,5.235788,5.235788,189.283908
16.587314,0.502215,60.341999,7.890675,7.890675,220.164390
8.684383,0.470535,40.602447,6.854083,6.854083,188.037010
9.559275,0.426630,36.368306,8.295512,8.295512,190.689752
10.363255,0.440966,37.534659,7.844338,7.844338,194.439023
9.445226,0.528776,36.715702,5.947671,5.947671,195.936614
9.974321,0.601481,32.151092,6.157914,6.157914,193.207517
12.903868,0.849484,45.403445,6.066521,6.066521,218.170665
12.877884,0.858540,48.490914,4.770854,4.770854,226.803719
11.207235,0.832812,38.452720,5.152779,5.152779,212.369813
8.607837,0.505000,25.409810,4.679972,4.679972,191.287073
8.227512,0.603240,23.534455,4.587010,4.587010,202.416995
7.750929,0.502472,23.861083,2.716263,2.716263,189.272260
8.085270,0.667849,26.223902,3.710646,3.710646,198.241703
7.096744,0.866572,24.473669,5.130891,5.130891,194.804949
6.386973,0.681258,15.494722,4.638788,4.638788,183.338638
10.314902,0.789003,32.451129,4.627555,4.627555,215.803910
10.697308,0.737355,36.545620,3.417458,3.417458,220.044517
10.936799,0.910030,28.105785,4.969992,4.969992,211.403366
11.494440,0.884941,44.152738,6.603744,6.603744,238.235021
8.784288,0.738443,32.226197,3.725878,3.725878,210.445017
12.053488,1.081936,34.099088,7.393932,7.393932,229.129001
8.905474,0.566664,30.076214,6.166650,6.166650,207.227690
13.564677,0.742411,43.087124,3.476019,3.476019,233.230468
10.465816,0.546856,31.869008,4.256414,4.256414,214.324017
7.573231,0.414438,21.626331,8.492348,8.492348,198.759151
15.637987,0.679434,52.462748,4.831398,4.831398,249.648179
10.085459,0.606857,36.213487,8.244568,8.244568,223.301908
15.849383,0.740042,53.056581,7.551374,7.551374,249.624627
9.505290,0.511240,27.834549,6.027640,6.027640,203.287312
16.678675,0.698858,45.953725,9.464138,9.464138,252.536862
11.445703,0.597929,34.598807,9.244934,9.244934,217.688162
16.627059,0.795979,57.675496,7.322731,7.322731,258.977436
16.309549,0.782380,55.528040,9.960465,9.960465,257.800170
16.643890,0.925454,58.755031,10.932223,10.932223,265.112341
10.302614,0.668746,34.750330,6.579040,6.579040,222.335174
16.928855,0.782795,59.081084,7.555406,7.555406,263.663808
12.109297,0.574344,39.157754,10.480824,10.480824,229.133705
12.554871,0.563656,45.010448,8.299417,8.299417,238.265902
15.829639,0.617129,44.159779,9.301703,9.301703,252.980676
10.271606,0.446726,32.814526,10.965504,10.965504,218.150473
14.930393,0.541576,47.634422,10.487993,10.487993,252.474429
10.927039,0.454534,35.879403,11.335269,11.335269,222.331205
13.616390,0.421158,44.319877,11.693130,11.693130,258.312689
9.917425,0.457190,33.623306,9.996466,9.996466,222.865710
15.020795,0.618473,51.063335,11.823468,11.823468,255.545001
8.657982,0.406406,30.984483,10.872990,10.872990,217.411518
14.561748,0.529735,44.940207,10.561370,10.561370,254.084244
12.851324,0.660777,39.994567,10.996288,10.996288,232.636956
11.994351,0.780427,46.684360,9.890928,9.890928,250.719651
11.489703,0.903117,46.369891,10.803069,10.803069,255.424423
11.481448,1.100592,45.056688,13.479013,13.479013,260.751510
12.028399,0.933934,47.431571,13.590982,13.590982,250.200124
8.098198,0.677738,26.947048,13.146367,13.146367,197.694975
11.143298,0.678250,38.829493,10.137012,10.137012,212.684761
8.686175,0.438374,35.430500,12.417749,12.417749,204.111229
11.207843,0.655145,44.132963,10.077171,10.077171,221.807774
8.636445,0.657354,44.230756,13.333442,13.333442,207.086568
13.053950,0.647306,59.591652,10.078323,10.078323,225.010509
15.053500,0.764971,64.593676,12.334163,12.334163,228.306941
15.608867,0.688810,61.297021,10.400408,10.400408,216.248429
18.411692,0.541224,66.561578,11.749547,11.749547,223.692026
11.608169,0.348549,34.598360,9.585644,9.585644,196.303019
10.876574,0.240868,38.885494,12.197745,12.197745,191.548773
11.295653,0.311268,38.133708,8.668350,8.668350,192.583637
11.367302,0.285220,37.444033,9.478666,9.478666,191.118879
12.071664,0.302372,40.594895,11.796076,11.796076,195.569536
11.683722,0.231204,43.449912,12.192529,12.192529,204.506402
12.207794,0.237668,42.456074,8.977474,8.977474,177.028306
10.481912,0.273508,35.579687,12.132368,12.132368,177.408855
13.304706,0.308292,42.247719,9.323400,9.323400,192.385330
13.819946,0.267204,56.270643,12.778010,12.778010,207.980885
20.085029,0.344901,69.860313,9.300296,9.300296,243.238903
20.536843,0.379525,73.611889,10.208468,10.208468,242.292040
21.923487,0.378790,67.476886,8.491515,8.491515,227.806933
22.877389,0.369286,70.965129,10.789053,10.789053,251.975670
23.947612,0.398502,73.018824,9.587404,9.587404,255.167204
26.574051,0.363941,86.587757,11.980367,11.980367,274.576927
13.658470,0.291237,43.515641,10.499705,10.499705,216.415183
12.583799,0.222084,36.232527,11.170083,11.170083,213.962796
13.274850,0.289188,36.732151,12.945149,12.945149,220.728399
15.469793,0.253892,48.154525,10.649243,10.649243,232.347160
13.130112,0.319044,42.306088,12.904124,12.904124,229.336332
8.736927,0.400934,29.696721,14.598964,14.598964,212.797467
13.706503,0.664842,36.843385,15.248350,15.248350,233.776268
8.327002,0.645705,37.227262,22.364933,22.364933,258.858586
8.829857,0.634281,35.794921,13.674824,13.674824,250.509953
13.805418,0.841740,62.949845,12.941085,12.941085,265.612157
13.535141,0.729611,54.483481,10.870079,10.870079,257.676457
7.608431,0.469671,30.300729,8.532349,8.532349,224.298275
14.247312,0.752715,57.071263,11.967150,11.967150,278.532089
16.230764,0.715242,64.426347,8.807073,8.807073,280.547574
10.546810,0.520775,38.338255,13.739944,13.739944,258.052078
7.739889,0.288452,30.399643,13.096638,13.096638,237.975786
8.676286,0.304005,40.699377,13.954891,13.954891,264.430763
7.037894,0.260068,32.245110,11.687210,11.687210,243.212566
9.431306,0.343301,40.841363,18.967732,18.967732,268.578152
15.972649,0.429158,56.563096,14.173487,14.173487,287.305433
11.975118,0.301733,43.298198,13.981804,13.981804,270.145375
9.116261,0.219811,32.820702,14.226159,14.226159,267.858493
19.035638,0.322756,52.483773,11.277380,11.277380,290.881997
16.994871,0.391142,52.548797,13.766408,13.766408,292.443171
10.199989,0.269891,38.196781,14.582741,14.582741,269.479093
15.226461,0.412134,47.176208,15.471649,15.471649,286.221384
21.337431,0.492615,66.116931,18.055591,18.055591,317.753972
11.913742,0.370757,39.538912,14.068589,14.068589,260.363664
11.126754,0.371141,37.163005,13.616902,13.616902,256.945630
10.902495,0.377541,36.333778,13.051486,13.051486,234.602553
22.090946,0.525735,76.342456,13.302209,13.302209,288.276326
22.840461,0.491143,64.573901,15.433953,15.433953,276.709855
17.877156,0.472167,48.679493,15.850119,15.850119,260.045740
12.293299,0.480615,39.794500,14.700534,14.700534,235.222850
15.478082,0.420230,49.571954,16.255532,16.255532,277.527115
22.627434,0.762251,71.428592,17.357757,17.357757,284.303981
15.551330,0.541992,52.502141,20.396713,20.396713,260.707605
17.805315,0.584553,62.776082,15.708037,15.708037,272.577538
21.316855,0.710090,73.433230,19.588541,19.588541,288.479146
19.718623,0.633705,60.501490,19.767136,19.767136,273.115306
10.903582,0.456231,43.506586,20.600524,20.600524,246.523494
12.216562,0.466374,43.417497,17.640961,17.640961,264.246568
11.238884,0.519367,42.383402,21.189781,21.189781,264.433580
13.876490,0.590569,67.222515,16.197580,16.197580,286.439116
12.003759,0.573800,50.237756,19.117335,19.117335,269.049263
20.627309,0.859148,67.296820,17.723875,17.723875,299.647917
11.366182,0.559624,45.851260,20.142277,20.142277,265.503803
10.096819,0.480487,35.134336,14.683094,14.683094,264.164008
18.054535,0.882637,57.107104,18.904499,18.904499,283.888071
15.723973,0.742186,61.658978,21.568602,21.568602,289.551353
16.451887,0.695626,58.494452,22.359046,22.359046,288.227814
9.752494,0.433958,39.136282,22.694378,22.694378,264.829329
10.201301,0.499687,44.031554,22.476583,22.476583,270.005853
9.981969,0.396262,40.763569,19.251256,19.251256,264.362698
17.497119,0.585544,66.873038,17.642433,17.642433,318.382365
9.293767,0.417446,36.789496,20.147942,20.147942,272.085435
15.407393,0.592968,50.768804,25.731799,25.731799,284.095882
16.064202,0.754987,67.166322,36.622869,36.622869,338.655876
12.036016,0.608425,48.360288,17.272636,17.272636,280.463862
18.712113,0.665929,67.085393,21.955808,21.955808,317.854390
10.093971,0.388933,38.746229,23.051856,23.051856,269.327923
10.051858,0.370918,34.995709,33.926670,33.926670,276.210679
14.242960,0.491527,56.337364,21.527577,21.527577,286.427212
15.116764,0.459783,62.823699,23.950493,23.950493,298.535133
10.586970,0.533896,43.204853,16.214349,16.214349,273.346574
9.122789,0.577512,43.291223,16.362959,16.362959,277.763182
15.164509,0.749739,65.505402,22.119074,22.119074,317.429008
8.542205,0.472039,35.382467,15.022235,15.022235,263.132953
17.174234,0.796748,73.646769,19.068918,19.068918,309.952739
10.927295,0.536360,42.584396,17.066073,17.066073,275.537037
9.303143,0.376326,39.543648,17.841956,17.841956,265.540764
9.952241,0.295268,40.638416,20.483082,20.483082,271.749654
9.844208,0.378789,36.530260,19.973475,19.973475,269.832827
15.638243,0.464199,50.182715,19.508060,19.508060,281.529508
19.327322,0.632905,67.127538,23.682393,23.682393,311.115924
11.732939,0.468679,47.384338,25.595733,25.595733,289.172180
19.928994,0.738763,72.521888,32.547610,32.547610,337.895161
20.607180,0.626441,72.573025,27.689716,27.689716,328.064171
13.051486,0.582825,61.131354,27.084651,27.084651,307.287324
21.092595,0.528264,63.960611,21.835294,21.835294,304.412018
10.820125,0.390438,51.692241,25.474131,25.474131,326.529364
8.801152,0.502567,35.411972,32.565914,32.565914,266.163461
14.912025,0.477319,57.707688,28.296796,28.296796,293.355281
20.075332,0.574504,76.734014,29.786865,29.786865,334.798476
22.403046,0.607689,90.145153,26.617859,26.617859,337.229872
24.179648,0.537000,87.076436,27.160971,27.160971,353.699872
23.243251,0.371781,60.515282,32.222389,32.222389,310.412170
27.187980,0.454823,84.849460,25.510260,25.510260,346.584281
27.394031,0.399814,66.964271,27.691796,27.691796,345.417480
29.942836,0.412102,80.331315,30.392379,30.392379,344.315832
15.239934,0.273220,47.316338,26.985513,26.985513,297.920948
21.035730,0.427495,61.513888,28.233212,28.233212,342.124184
22.958031,0.408198,58.167983,31.816271,31.816271,342.078583
23.257683,0.478247,59.958441,33.536745,33.536745,334.368295
15.706820,0.443591,52.302202,38.728212,38.728212,307.011480
15.320767,0.468167,46.452868,23.830587,23.830587,291.050031
15.362847,0.388902,47.598518,33.911150,33.911150,292.451236
17.296412,0.512040,50.101562,31.631885,31.631885,292.768649
25.585749,0.637065,72.390879,34.171826,34.171826,333.734494
26.799302,0.710539,72.548001,30.653822,30.653822,342.291002
27.756469,0.528423,76.798783,31.033284,31.033284,333.031732
20.356392,0.342853,52.432508,22.615626,22.615626,296.680802
31.120613,0.502472,74.858498,29.339884,29.339884,365.442220
22.181475,0.385382,56.064561,32.291095,32.291095,307.067770
18.882643,0.383749,52.631839,29.786450,29.786450,302.187634
15.840967,0.367941,46.798026,32.304663,32.304663,294.808167
16.258317,0.399942,48.366656,31.001188,31.001188,295.156716
16.007018,0.415878,45.817179,26.718214,26.718214,284.830870
13.463748,0.333893,39.899301,32.251062,32.251062,288.239623
16.145003,0.442214,44.961327,27.254989,27.254989,294.374592
15.378240,0.414918,43.498266,30.755968,30.755968,292.384643
27.011050,0.610217,70.590820,31.654573,31.654573,355.889569
27.127627,0.588009,73.344524,27.342511,27.342511,336.273699
15.705637,0.477607,49.655987,28.416574,28.416574,295.854262
23.459190,0.624425,69.005357,24.176544,24.176544,345.153444
18.832403,0.593608,62.882196,26.156925,26.156925,319.190090
12.704729,0.548616,39.575393,25.691798,25.691798,296.760195
20.110533,0.785835,69.689783,30.424476,30.424476,330.030312
23.307444,0.771563,69.952795,30.065462,30.065462,330.317932
14.082158,0.440550,42.306248,29.627568,29.627568,291.491447
16.048105,0.346725,42.995379,34.977438,34.977438,292.571494
14.423378,0.261348,41.881282,28.311420,28.311420,298.893794
11.331877,0.187171,38.818389,30.422715,30.422715,295.660627
18.212106,0.285956,68.704649,28.038744,28.038744,314.242018
15.962889,0.308836,47.843577,31.034372,31.034372,307.152251
18.985076,0.378726,62.405901,28.843876,28.843876,313.855932
12.802042,0.353989,49.889879,29.224074,29.224074,296.084793
23.315636,0.448167,83.934246,27.983416,27.983416,419.082618
13.441764,0.412262,52.916803,26.526339,26.526339,308.994070
21.028755,0.545576,75.284744,21.928927,21.928927,351.594530
23.483766,0.536968,76.338264,30.487388,30.487388,359.019758
18.199497,0.446694,62.468334,30.374746,30.374746,357.189267
10.522233,0.377477,34.804443,24.350339,24.350339,296.832932
14.441170,0.404422,64.564013,31.920465,31.920465,309.079639
14.121389,0.447911,45.482390,26.625412,26.625412,291.490326
11.241763,0.247140,38.177932,31.796431,31.796431,281.534501
14.657205,0.469927,57.666664,26.321536,26.321536,293.999579
10.540345,0.420998,34.180242,23.514775,23.514775,261.203325
10.300246,0.347269,34.381589,23.078289,23.078289,268.132067
13.477669,0.486727,48.413729,23.720729,23.720729,282.315153
17.888325,0.464359,48.550883,25.194031,25.194031,281.119904
15.863240,0.366149,42.745711,23.484662,23.484662,277.423722
21.348183,0.411526,60.428752,24.294434,24.294434,302.966942
19.613438,0.484295,60.563411,24.633543,24.633543,297.084969
27.460144,0.482887,69.261490,28.906501,28.906501,340.705700
27.939607,0.427526,59.189407,24.636551,24.636551,307.705987
18.995252,0.413798,49.592339,30.285945,30.285945,283.974473
29.568110,0.409606,71.739926,31.044324,31.044324,321.992819
17.539328,0.320644,44.830733,28.125210,28.125210,286.593264
28.642561,0.413382,82.683701,30.852194,30.852194,345.799022
14.300785,0.280004,41.269401,26.359776,26.359776,276.056758
28.019641,0.382789,56.974334,26.971689,26.971689,299.044005
31.854448,0.419942,88.962224,31.556460,31.556460,332.409195
15.321376,0.272676,43.756797,27.022186,27.022186,264.568175
21.045267,0.288260,55.421543,27.237005,27.237005,283.986250
14.651925,0.240932,43.466489,31.430538,31.430538,266.290152
20.283015,0.327525,51.924661,31.067620,31.067620,288.315560
14.774487,0.333125,43.656348,23.863899,23.863899,286.671536
32.461881,0.477255,84.323501,28.346429,28.346429,314.716457
29.549871,0.477383,64.060517,28.212827,28.212827,294.629861
27.182284,0.434726,80.817370,30.028918,30.028918,307.701667
19.390747,0.300644,69.756088,34.306707,34.306707,300.303255
13.576710,0.397350,54.662300,28.556896,28.556896,282.920154
22.253540,0.521832,84.636721,25.332081,25.332081,324.605657
23.282067,0.572297,81.819464,25.936058,25.936058,327.045245
12.156049,0.423910,42.694094,24.816458,24.816458,296.609762
10.449272,0.521096,41.056342,25.344529,25.344529,280.669753
13.056926,0.447878,46.247106,23.074928,23.074928,281.296482
19.622622,0.640841,66.619723,23.165265,23.165265,314.164001
13.186400,0.509576,48.869096,0.000000,0.000000,62.567408
15.478370,0.450502,60.083020,39.281820,39.281820,333.127606
11.531784,0.587593,39.507071,34.271316,34.271316,308.206091
17.442750,0.741995,62.447566,27.382159,27.382159,318.435296
18.877203,0.749163,58.471155,26.347712,26.347712,317.721141
12.691065,0.526120,49.968792,26.263967,26.263967,303.051392
9.506474,0.513287,38.982488,18.286378,18.286378,282.692406
13.166624,0.580904,58.912507,21.705917,21.705917,307.651299
9.894064,0.608713,45.388949,20.125126,20.125126,289.011187
11.649098,0.860589,54.160661,15.315551,15.315551,301.967824
9.544907,0.790028,63.869922,23.265043,23.265043,309.296539
13.042718,0.814732,62.405037,23.446070,23.446070,312.806222
9.565356,0.761611,46.642920,13.634887,13.634887,286.835572
10.092883,0.629257,44.996208,19.448604,19.448604,276.712992
11.486600,0.411558,43.291670,19.651103,19.651103,265.779969
10.820606,0.531048,48.253023,24.222305,24.222305,268.401703
10.654619,0.388870,49.155468,24.653319,24.653319,271.635958
6.627264,0.293605,27.881110,12.378932,12.378932,99.335463
5.709203,0.220228,23.028623,13.791369,13.791369,90.999406
6.722498,0.153442,23.679033,19.525981,19.525981,109.447195
11.046017,0.206243,36.928442,13.328771,13.328771,116.519842
10.607803,0.196995,41.884034,13.571622,13.571622,133.583003
12.740570,0.203459,42.577868,13.071838,13.071838,139.029674
13.513604,0.183779,44.931247,22.038561,22.038561,228.095227
7.666447,0.204003,26.660325,11.345541,11.345541,88.645227
13.288770,0.300516,44.401607,13.130368,13.130368,117.512081
7.984276,0.173795,26.239582,15.230974,15.230974,86.060646
9.043012,0.157570,31.254663,10.986496,10.986496,91.173264
9.556491,0.142946,32.656284,10.325206,10.325206,87.288375
10.028818,0.111234,33.145795,10.492153,10.492153,88.862159
7.395212,0.109025,25.588053,13.974603,13.974603,82.524242
10.728060,0.131394,33.355494,19.902690,19.902690,96.516574
12.974237,0.153123,60.191117,13.939915,13.939915,126.770967
11.235396,0.111650,52.079639,15.549986,15.549986,120.294329
11.546601,0.175586,54.011251,12.688921,12.688921,118.135642
9.573387,0.147586,51.718866,27.670099,27.670099,149.700709
