1403715535862142976.000000 0.150042653 -0.058046654 0.005359802 -0.669416070 -0.486383289 -0.449430019 0.336639464
1403715538112143104.000000 0.460828900 1.023820281 0.106529817 -0.609828889 -0.517416716 -0.430489779 0.418410301
1403715540512143104.000000 -0.492513269 -1.372207403 -0.044116676 -0.825081110 -0.219302714 -0.498389393 0.150849834
1403715542662142976.000000 1.865427375 -1.887140155 0.246739134 -0.720027208 -0.316254407 -0.572074056 0.232970729
1403715543662142976.000000 2.152665615 -1.741785407 0.147187710 -0.716811895 -0.322547793 -0.563452899 0.254292011
1403715544612143104.000000 1.686266780 -2.049932241 -0.272449017 -0.804329038 -0.073019996 -0.585842490 0.067166805
1403715545362142976.000000 0.895606518 -2.215376377 -0.281252712 -0.815276206 -0.005241655 -0.579001427 0.007394095
1403715545712143104.000000 0.492884696 -2.287187576 -0.286767513 0.814667761 -0.049765054 0.576819003 -0.033462688
1403715547062142976.000000 -0.931629837 -2.826550007 -0.141640723 -0.737370014 -0.424568206 -0.459356874 0.254987478
1403715547312143104.000000 -1.130145431 -2.837394714 -0.110095285 -0.679864287 -0.513131738 -0.431887925 0.296569198
1403715547512143104.000000 -1.283680320 -2.795102596 -0.091311388 -0.644885123 -0.567359507 -0.397406280 0.322946787
1403715547662142976.000000 -1.403562427 -2.728638172 -0.083269902 -0.613085151 -0.607598186 -0.371781707 0.341657013
1403715547812143104.000000 -1.530333996 -2.628906488 -0.075093210 -0.576451480 -0.645002902 -0.349196702 0.360189766
1403715547962142976.000000 -1.666741610 -2.495804071 -0.066114508 -0.538392663 -0.670567214 -0.331936121 0.387674272
1403715549262142976.000000 -3.078656197 -1.104679465 -0.223566413 -0.471575022 -0.649653494 -0.349879801 0.482857585
1403715549712143104.000000 -3.519672632 -0.762239933 -0.285127342 -0.494760841 -0.645004809 -0.296017021 0.501552045
1403715549912143104.000000 -3.641300201 -0.622532964 -0.305216879 -0.528895617 -0.615897834 -0.302345604 0.499526292
1403715550362142976.000000 -3.650902510 -0.296943724 -0.278608441 -0.632434011 -0.534009337 -0.369012654 0.422718465
1403715550562142976.000000 -3.551829100 -0.150167331 -0.206991270 -0.662834167 -0.493497938 -0.416779548 0.378689289
1403715550712143104.000000 -3.459531784 -0.043092214 -0.176032171 -0.692397892 -0.449639350 -0.437429547 0.356461912
1403715550912143104.000000 -3.314230680 0.090386495 -0.179331765 -0.733913422 -0.379479080 -0.450150996 0.338719308
1403715551412143104.000000 -2.747948885 0.300637811 -0.147443965 -0.794278443 -0.220833659 -0.506387830 0.252834886
1403715551912143104.000000 -1.990745664 0.223627716 -0.034838367 -0.788077533 -0.067905843 -0.598455191 0.127176762
1403715552362142976.000000 -1.466144562 -0.062447906 0.047293045 0.771382272 -0.047944881 0.634418011 0.013587604
1403715552662142976.000000 -1.298895717 -0.267364144 0.083867282 0.747573078 -0.159729928 0.638220847 0.091077089
1403715553762142976.000000 -2.121800184 -0.880779862 0.005706523 0.577498913 -0.504526317 0.512849867 0.385918617
1403715554312143104.000000 -2.954734564 -0.875047266 -0.096910372 0.655471265 -0.566742837 0.375539601 0.328831226
1403715556712143104.000000 -1.935857177 -0.527754724 0.264106184 0.655701339 -0.509692490 0.459023356 0.315542281
1403715558762142976.000000 -2.336750507 -2.308150768 0.284701169 0.622987211 -0.485858709 0.479369789 0.382142425
1403715559162142976.000000 -2.249686718 -2.580494165 0.266555995 0.665165067 -0.423219353 0.494234413 0.366296589
1403715559662142976.000000 -2.080885887 -2.627870798 0.232622594 0.734082282 -0.359273821 0.501922488 0.283053756
1403715562162142976.000000 0.259419143 -1.563132286 0.147430286 -0.769089520 -0.125543237 -0.622767150 0.070009552
1403715564112143104.000000 -0.041087411 0.074825034 0.006953552 -0.608236790 -0.498272926 -0.469631106 0.401520461
1403715566162142976.000000 -1.132376194 -0.395110697 0.430052340 0.133106992 -0.786356568 0.094695911 0.595784068
1403715566562142976.000000 -1.025388718 -0.583730221 0.517168999 0.310447663 -0.732531428 0.224147052 0.562830508
1403715566912143104.000000 -0.827625751 -0.692730904 0.492114246 0.445566624 -0.656795263 0.326250523 0.513469517
1403715567212143104.000000 -0.586820781 -0.717827797 0.470621049 0.567590177 -0.564413428 0.426504344 0.421156824
1403715567462142976.000000 -0.372400284 -0.690151036 0.444259435 0.677023292 -0.456233531 0.475801587 0.327266574
1403715567812143104.000000 -0.072222024 -0.611207366 0.311521471 0.766638160 -0.279554188 0.538066268 0.211187586
1403715568112143104.000000 0.179329365 -0.502517343 0.188239872 0.796933353 -0.121892460 0.579923213 0.117168844
1403715568262142976.000000 0.290958345 -0.425523549 0.135342196 0.800219536 -0.049583521 0.593972445 0.066234469
1403715568412143104.000000 0.387058914 -0.334119946 0.084996268 -0.800565362 -0.017285630 -0.598860264 -0.012753235
1403715568562142976.000000 0.463933915 -0.232890546 0.044239715 -0.795658529 -0.084902011 -0.598603725 0.037320256
1403715570612143104.000000 -0.122106761 0.907746136 -0.103219509 -0.425774515 -0.663616300 -0.354939163 0.502342343
1403715572012143104.000000 -0.927924514 0.203277737 -0.370387375 -0.315315992 -0.811549842 -0.041737914 0.490123153
1403715574062142976.000000 -2.507484913 0.491614133 -0.336106330 0.269843966 -0.803028286 0.168139726 0.504042625
1403715574712143104.000000 -3.078575611 0.223815754 -0.211537033 0.458730549 -0.690889716 0.241494283 0.503903151
1403715575512143104.000000 -3.361127377 -0.396345973 -0.080694929 0.438099325 -0.681095183 0.284726173 0.512941897
1403715575662142976.000000 -3.355943680 -0.500721991 -0.045686752 0.442556441 -0.671867788 0.259443313 0.534253418
1403715576562142976.000000 -2.733597040 -1.177531242 0.136115566 0.396886319 -0.672343016 0.301806957 0.547127783
1403715576712143104.000000 -2.571180582 -1.256737232 0.170596644 0.390739828 -0.667529464 0.297285587 0.559775114
1403715578762142976.000000 -0.268538058 -1.070076108 -0.203776643 0.161323920 -0.864078820 0.090252504 0.468184620
1403715578912143104.000000 -0.267551869 -1.014296532 -0.270958424 0.151728719 -0.869804382 0.073259689 0.463736832
1403715579262142976.000000 -0.428347379 -1.022827983 -0.343436003 0.193714306 -0.805467308 0.008657323 0.560019910
1403715579412143104.000000 -0.504613817 -1.105878115 -0.352374405 0.193851829 -0.797054589 0.006351418 0.571913660
1403715582162142976.000000 -1.205807328 -3.145205259 -0.372530103 0.171186179 -0.785304308 0.101737544 0.586209893
1403715583862142976.000000 -1.755487084 -3.686264277 -0.581920385 -0.137169316 0.681167424 -0.157839790 -0.701628327
1403715586812143104.000000 -0.174211040 -2.552077293 -0.304696947 0.174683154 -0.783477545 0.118556343 0.584459841
1403715587262142976.000000 -0.077418372 -2.562891006 -0.276765913 0.169241145 -0.795873046 0.117833808 0.569261491
1403715587662142976.000000 0.020388111 -2.567760944 -0.222254306 0.132929832 -0.800549924 0.155805036 0.563182294
1403715588012143104.000000 0.093947180 -2.451797962 -0.169015720 0.046027586 -0.811939716 0.088195153 0.575201750
1403715588312143104.000000 0.159943938 -2.274368525 -0.184213236 -0.043353099 -0.791314483 -0.002114289 0.609866858
1403715588612143104.000000 0.301361769 -2.081035376 -0.297909200 -0.133804008 -0.782313585 -0.068830155 0.604437292
1403715588762142976.000000 0.401876658 -1.981832862 -0.355216742 -0.175484166 -0.789303720 -0.096050337 0.580499113
1403715588912143104.000000 0.511399865 -1.880464554 -0.415041208 -0.213230714 -0.805284977 -0.127395675 0.538348615
1403715589062142976.000000 0.610089779 -1.774495482 -0.472811729 -0.251300991 -0.816867113 -0.153718919 0.495929956
1403715589262142976.000000 0.691648006 -1.616214514 -0.508275986 -0.293853104 -0.811646521 -0.181148201 0.471238375
1403715589462142976.000000 0.707560718 -1.428552628 -0.494328916 -0.336384922 -0.806005836 -0.197415084 0.445226938
1403715589812143104.000000 0.563444853 -0.988643825 -0.384961337 -0.359726846 -0.780893564 -0.233320192 0.454272598
1403715589962142976.000000 0.439236999 -0.761867046 -0.289693087 -0.347320884 -0.751134157 -0.251985937 0.501666069
1403715591362142976.000000 -1.255399346 0.598020434 0.276231408 0.019830046 -0.833187580 -0.047192853 0.550616145
1403715591562142976.000000 -1.560017824 0.648374200 0.325880289 0.101628207 -0.830560565 0.001998074 0.547573805
1403715591762142976.000000 -1.868807316 0.651804090 0.331952006 0.169493586 -0.818487465 0.055142615 0.546177268
1403715592162142976.000000 -2.460803032 0.526394129 0.205695078 0.310006589 -0.771311104 0.115396447 0.543745220
1403715592362142976.000000 -2.704433680 0.373198032 0.155094385 0.378478348 -0.728235483 0.157850534 0.549099743
1403715592562142976.000000 -2.876767397 0.161922127 0.145717457 0.446930915 -0.686992764 0.194161937 0.539068580
1403715592762142976.000000 -2.964879751 -0.093124606 0.139652535 0.510797620 -0.640934587 0.231555685 0.524090409
1403715593112143104.000000 -2.924747705 -0.602503598 0.128428325 0.563319564 -0.603954792 0.374597609 0.421409816
1403715593262142976.000000 -2.881532907 -0.825384915 0.122614801 0.596646011 -0.564759910 0.412472069 0.393607020
1403715593762142976.000000 -2.667735577 -1.511860609 0.105769731 0.701298177 -0.397218883 0.477809995 0.349421918
1403715594262142976.000000 -2.257524729 -1.944432020 0.089713208 0.782498419 -0.247778490 0.524419367 0.226465106
1403715594762142976.000000 -1.711763620 -2.099799633 0.086326972 0.834795475 -0.071132280 0.533162236 0.117450796
1403715594962142976.000000 -1.450956106 -2.082256556 0.078578822 0.851780415 -0.017444080 0.522176206 0.038700834
1403715595262142976.000000 -0.990561366 -2.021787167 0.067976981 -0.844650686 -0.077655777 -0.527083278 0.052134309
1403715596762142976.000000 -0.005149789 -1.643824816 0.248980746 -0.742244899 -0.464169413 -0.419504523 0.240073532
1403715597662142976.000000 -0.124578476 -0.413476646 0.477291524 -0.626928091 -0.512347698 -0.435648501 0.393282920
1403715598312143104.000000 0.019352477 0.531555116 0.527852774 -0.555078208 -0.546930552 -0.445658654 0.440617234
1403715598512143104.000000 0.061025552 0.724393547 0.495439768 -0.535376132 -0.514856935 -0.470764160 0.476104945
1403715598812143104.000000 0.128254578 0.824793696 0.434750140 -0.559151351 -0.532121003 -0.452779442 0.446304560
1403715600462142976.000000 0.604281664 0.192455590 -0.230469614 -0.512733757 -0.646219611 -0.413729697 0.385138929
1403715600662142976.000000 0.576860309 0.086710364 -0.311748862 -0.492114455 -0.683976889 -0.337081105 0.419970781
1403715601112143104.000000 0.398050725 -0.060457539 -0.317007989 -0.375866860 -0.743851006 -0.265952408 0.484437019
1403715601462142976.000000 0.185109556 -0.129943043 -0.175828874 -0.341803372 -0.753514290 -0.267448992 0.493819416
1403715601812143104.000000 -0.095382504 -0.213550255 -0.055290774 -0.346340239 -0.743991554 -0.259221047 0.509244084
1403715602262142976.000000 -0.469548732 -0.370483607 0.063028939 -0.388068676 -0.678358555 -0.308871686 0.542061567
1403715602712143104.000000 -0.740984142 -0.660646260 0.108274199 -0.485976815 -0.657007039 -0.353670061 0.455066770
1403715602962142976.000000 -0.887953103 -0.830425799 0.052605923 -0.533408999 -0.627421916 -0.382201850 0.419211656
1403715603362142976.000000 -1.160164475 -1.081609726 -0.122196317 -0.599217832 -0.574795008 -0.414812177 0.372128636
1403715603762142976.000000 -1.467069387 -1.266516924 -0.254544079 -0.639045835 -0.525236785 -0.402274251 0.392329216
1403715604162142976.000000 -1.649655581 -1.378576159 -0.282147139 -0.649981201 -0.540944040 -0.388235420 0.366302371
1403715604662142976.000000 -1.745299101 -1.359113932 -0.316125959 -0.625315487 -0.538644075 -0.426323205 0.370258838
1403715605162142976.000000 -1.844834805 -1.265689254 -0.349941283 -0.621176541 -0.541184723 -0.429613680 0.369717419
1403715605662142976.000000 -1.951754093 -1.141867518 -0.384364009 -0.623891771 -0.536385953 -0.413634956 0.389814407
1403715606012143104.000000 -1.996047735 -1.049002171 -0.446822882 -0.610163152 -0.544612050 -0.429928273 0.382440120
1403715606212143104.000000 -2.023085594 -0.995452702 -0.498690397 -0.607643068 -0.546509922 -0.429511756 0.384208918
1403715606562142976.000000 -2.077525854 -0.907167077 -0.544454455 -0.610485315 -0.541358352 -0.416500360 0.400956899
1403715606912143104.000000 -2.101371765 -0.836692750 -0.573277831 -0.602742016 -0.535480499 -0.416668981 0.419940054
1403715607362142976.000000 -2.096537590 -0.806104481 -0.634818316 -0.593170702 -0.555025697 -0.427255869 0.396922410
1403715607812143104.000000 -2.133539915 -0.825485051 -0.661440909 -0.596933961 -0.553333342 -0.428340495 0.392449409
1403715608112143104.000000 -2.148431301 -0.833097041 -0.678829491 -0.594018996 -0.560007632 -0.427521467 0.388276041
1403715608462142976.000000 -2.148824215 -0.834441781 -0.680396855 -0.594510317 -0.559275925 -0.427116424 0.389023721
1403715608962142976.000000 -2.148231506 -0.838492095 -0.680019498 -0.594469726 -0.559006333 -0.427336752 0.389231354
