1413393216555760384.000000 0.113233089 0.352855355 -0.189904347 -0.587454498 -0.550931573 -0.425790250 0.412400782
1413393219455760384.000000 -0.445833236 -0.109014884 0.090201743 -0.610681593 -0.553780019 -0.407235980 0.393134415
1413393222105760512.000000 -0.591806412 -0.025412729 0.554866254 -0.594405174 -0.551134109 -0.429746211 0.397808850
1413393223355760384.000000 -0.626073956 0.288126677 0.586435258 -0.592994869 -0.571564317 -0.410808951 0.391033649
1413393224005760512.000000 -0.674323738 0.606522918 0.460920602 -0.590780973 -0.557097673 -0.431344092 0.393144071
1413393224255760384.000000 -0.716859102 0.725711226 0.441420615 -0.592904866 -0.552170873 -0.435389936 0.392437160
1413393224505760512.000000 -0.768572509 0.837161720 0.357647240 -0.598491669 -0.541625202 -0.440435737 0.393022031
1413393226755760384.000000 -0.747721910 1.446239352 0.079039022 -0.768981934 -0.292451233 -0.527156532 0.212709174
1413393227505760512.000000 -0.594553053 1.714771509 0.037002642 -0.762635589 -0.291615903 -0.533651888 0.220369518
1413393230405760512.000000 0.587039948 2.357995510 -0.076298662 -0.808614612 -0.130576581 -0.566652656 0.089425378
1413393232055760384.000000 1.731356978 2.734344959 -0.115635246 0.810927212 -0.053159952 0.582585752 -0.012839748
1413393232505760512.000000 1.948227763 2.686965704 -0.154404745 0.808177114 -0.124603048 0.573067725 0.054012384
1413393232855760384.000000 2.114216328 2.595545769 -0.236569881 0.803950429 -0.153364927 0.569437683 0.076705448
1413393233105760512.000000 2.237297773 2.503416538 -0.268642753 0.808627784 -0.146609083 0.562415838 0.091188826
1413393233555760384.000000 2.475227833 2.319008589 -0.199552149 0.786870718 -0.170020819 0.580487907 0.122315787
1413393233755760384.000000 2.568019867 2.245416880 -0.124961376 0.786443532 -0.200454473 0.563905597 0.152758569
1413393234055760384.000000 2.697913647 2.160248518 0.013635118 0.764113665 -0.247443467 0.569088042 0.176183924
1413393234305760512.000000 2.786546230 2.103232622 0.102237746 0.742141366 -0.294537425 0.573956609 0.181790665
1413393234705760512.000000 2.800001144 2.002962589 0.173195362 0.706528842 -0.337982744 0.571963310 0.243808866
1413393237255760384.000000 2.715244293 1.718761563 0.193456784 0.551726758 -0.590673029 0.389776081 0.441336066
1413393240055760384.000000 2.880592585 0.699851394 0.279435784 0.541960180 -0.610851586 0.399324834 0.416748464
1413393242655760384.000000 2.814754725 -0.281871766 0.090401694 0.530466139 -0.622261763 0.407961160 0.406157166
1413393245155760384.000000 2.727402925 -0.236245140 0.101377130 0.648486197 -0.492569655 0.472377270 0.337195009
1413393247955760384.000000 2.828203917 0.064779587 -0.311260939 0.677635193 -0.454955310 0.504997134 0.280720919
1413393248205760512.000000 2.804211855 -0.003408281 -0.330514193 0.671244383 -0.429871380 0.519009471 0.308659732
1413393250805760512.000000 2.718280315 -0.020705577 -0.426603019 0.656615973 -0.468391120 0.497803867 0.318836451
1413393251055760384.000000 2.747588158 -0.001584392 -0.435224384 0.667018652 -0.476869971 0.476308048 0.317508876
1413393253755760384.000000 2.716630459 0.136382803 -0.208373398 0.387935489 -0.719751418 0.279040962 0.503587246
1413393254405760512.000000 2.655153275 -0.051526725 -0.075772926 0.333053112 -0.743568480 0.235932693 0.529638886
1413393254805760512.000000 2.622549295 -0.204208583 0.020679353 0.313896537 -0.751833558 0.226191819 0.533903122
1413393256955760384.000000 2.244976521 -0.803730428 0.163257927 0.316932946 -0.756137133 0.222812846 0.527413011
1413393257955760384.000000 1.889712334 -1.213938475 0.038168069 0.308955461 -0.756006539 0.218907341 0.533929110
1413393260805760512.000000 1.424749613 -2.309110880 0.076023571 0.713548005 -0.337752134 0.515910625 0.332579255
1413393261305760512.000000 1.466768384 -2.197635889 0.055109300 0.730949402 -0.388208598 0.494990826 0.264558315
1413393264205760512.000000 2.077894449 -2.642850637 -0.160729632 0.782055974 -0.212959066 0.566928327 0.147068813
1413393267105760512.000000 2.308405638 -2.583265305 -0.093906067 -0.790587902 -0.170843631 -0.570978999 0.140592024
1413393267455760384.000000 2.280951262 -2.621323824 -0.031344175 -0.797481656 -0.163848788 -0.563908637 0.138504803
1413393270105760512.000000 2.136446476 -2.691828012 -0.285088450 -0.793092728 -0.210980132 -0.552827537 0.144475579
1413393270355760384.000000 2.125716448 -2.696435452 -0.352342427 -0.794290006 -0.211317092 -0.549856246 0.148683041
1413393271005760512.000000 2.163353443 -2.700166464 -0.389547765 -0.801093876 -0.169481799 -0.566000521 0.095749550
1413393271405760512.000000 2.199848175 -2.644667149 -0.383835405 -0.793614030 -0.156421050 -0.583071768 0.075740725
1413393273805760512.000000 2.011410236 -1.907144547 -0.141205817 0.769988060 -0.245360121 0.561102033 0.179112986
1413393276705760512.000000 1.593639374 -1.449065447 0.026331155 0.571761608 -0.586138248 0.408928216 0.402875066
1413393279105760512.000000 0.906620562 -1.680205584 0.001281776 0.475871652 -0.660250008 0.329452276 0.478620172
1413393279605760512.000000 0.658861458 -1.731640697 -0.020327717 0.494154453 -0.658372581 0.327327818 0.463911057
1413393280105760512.000000 0.497094989 -1.854143739 -0.035667796 0.488812715 -0.643450081 0.355724663 0.469568104
1413393280605760512.000000 0.374745607 -1.929489017 -0.010422340 0.479036510 -0.648905814 0.390835553 0.443500668
1413393280955760384.000000 0.222836286 -1.929157734 -0.053425007 0.483336508 -0.659522116 0.391771704 0.421819061
1413393281205760512.000000 0.060084015 -1.925753355 -0.063090883 0.503946662 -0.644291639 0.364284575 0.445222348
1413393281705760512.000000 -0.247522056 -1.956958890 -0.019300176 0.500495851 -0.640455902 0.351713598 0.464346617
1413393282205760512.000000 -0.463528097 -1.996964931 0.058638882 0.477174133 -0.659804940 0.362349749 0.453503132
1413393282605760512.000000 -0.634511650 -2.019566298 0.133129165 0.488192558 -0.645455241 0.348753214 0.472680420
1413393283105760512.000000 -0.780355692 -2.043267488 0.135065630 0.531596422 -0.619945168 0.375080854 0.438620031
1413393283605760512.000000 -0.832244098 -2.089571476 0.143740863 0.615838349 -0.544098437 0.421720266 0.383212835
1413393284105760512.000000 -0.796150863 -2.170929909 0.038872469 0.683933139 -0.447658807 0.476702482 0.323406756
1413393284905760512.000000 -0.580254257 -2.241067886 -0.020790778 0.774995208 -0.264935911 0.549832225 0.163938522
1413393285155760384.000000 -0.500420988 -2.263128757 -0.023045771 0.794623733 -0.196201503 0.564016819 0.109376870
1413393287005760512.000000 -0.074426547 -2.739499807 -0.026806356 -0.815494180 -0.040367823 -0.577318251 -0.006584018
1413393287255760384.000000 -0.035084203 -2.750652552 -0.010952832 -0.815308869 -0.068557151 -0.574348807 0.026356719
1413393290005760512.000000 0.638112426 -2.692299843 -0.012115968 -0.755434155 -0.295377433 -0.543418288 0.216259301
1413393292855760384.000000 1.061143756 -2.660036802 -0.175842836 -0.719207108 -0.361693561 -0.537659824 0.250680715
1413393293705760512.000000 0.775162041 -2.693204880 -0.078727104 -0.720075011 -0.374966741 -0.517088413 0.271130145
1413393295805760512.000000 -0.348393321 -2.623018026 0.014062425 -0.736675799 -0.356512785 -0.501169920 0.281133533
1413393296205760512.000000 -0.482433438 -2.574619532 -0.012154594 -0.725715280 -0.382282913 -0.515336812 0.248243824
1413393297855760384.000000 -0.807037592 -2.050850868 -0.186841786 -0.756930411 -0.298474342 -0.526257396 0.247027427
1413393298805760512.000000 -0.642688930 -1.803087711 -0.258752853 -0.749319315 -0.323595494 -0.526271462 0.238421574
1413393300455760384.000000 -0.560060561 -1.369924784 -0.176566571 -0.745007753 -0.327129602 -0.515435517 0.268841684
1413393300705760512.000000 -0.580284834 -1.325312972 -0.145814762 -0.722617328 -0.373020500 -0.498686433 0.299986273
1413393301005760512.000000 -0.583463252 -1.288920760 -0.132709384 -0.685278356 -0.425876021 -0.499704242 0.315148950
1413393301405760512.000000 -0.612110496 -1.260910630 -0.227508545 -0.650769114 -0.463329643 -0.487515569 0.352354616
1413393302105760512.000000 -0.772160470 -1.291422606 -0.321230441 -0.601260066 -0.549431026 -0.437060773 0.381562352
1413393303305760512.000000 -1.164318442 -1.250769138 -0.201151967 -0.625179946 -0.523771167 -0.432597727 0.384282500
1413393304405760512.000000 -1.390694141 -1.144860744 -0.017878834 -0.630927444 -0.531128466 -0.430899799 0.366276652
1413393304655760384.000000 -1.422793984 -1.097077847 -0.037496630 -0.620168149 -0.536849082 -0.439643651 0.365920842
1413393305355760384.000000 -1.544128299 -0.903475404 -0.031300042 -0.616228342 -0.540043533 -0.440768480 0.366522551
1413393305755760384.000000 -1.641730547 -0.757530391 0.010667806 -0.631254911 -0.521801114 -0.449209005 0.357004583
1413393306755760384.000000 -2.066168308 -0.301269174 0.096599713 -0.693206370 -0.432625979 -0.472727060 0.329892337
1413393307155760384.000000 -2.188192844 -0.119700000 0.081916645 -0.726976156 -0.373466194 -0.493220001 0.297930807
1413393307605760512.000000 -2.211636782 0.040591039 0.095357150 -0.766360104 -0.299233854 -0.524496436 0.219214201
1413393310455760384.000000 -1.929655194 0.984243572 -0.020041309 0.812836707 -0.049555749 0.578662157 0.044619188
1413393311255760384.000000 -1.742163181 0.982632637 -0.059478190 0.818349659 -0.070322543 0.568873107 0.041738160
1413393314055760384.000000 -0.907584965 0.855100036 -0.135339648 0.810528517 -0.055405036 0.582172930 0.032382239
1413393316955760384.000000 -0.380242854 1.287272692 0.153393254 -0.808553576 -0.115093656 -0.571417212 0.080479972
1413393317805760512.000000 -0.337673873 1.664704800 0.057876572 -0.793737531 -0.110574201 -0.592405856 0.082519539
1413393318155760384.000000 -0.393988431 1.822277784 -0.021871030 -0.804397047 -0.100359440 -0.580996692 0.072912656
1413393318455760384.000000 -0.453155458 1.957153440 -0.098376513 -0.807705939 -0.079230919 -0.577915072 0.085719883
1413393318805760512.000000 -0.514768898 2.079422712 -0.191992596 -0.806556463 -0.075258732 -0.579868376 0.086922728
1413393319155760384.000000 -0.586216807 2.153872252 -0.231978416 -0.800163686 -0.080272481 -0.588153303 0.085849233
1413393319505760512.000000 -0.677709579 2.188942432 -0.254345834 -0.818531752 -0.082860254 -0.561502635 0.088627532
1413393319805760512.000000 -0.715389788 2.194276094 -0.323166311 -0.826405525 -0.086873196 -0.549166143 0.089014322
1413393320055760384.000000 -0.705088556 2.189548492 -0.403337777 -0.811863422 -0.104303919 -0.570016205 0.071274392
1413393320305760512.000000 -0.690723062 2.196939707 -0.486077487 -0.800556481 -0.101547696 -0.586260080 0.071389407
1413393320555760384.000000 -0.688565373 2.218855143 -0.500049472 -0.812957168 -0.096662275 -0.570092559 0.068930767
1413393321005760512.000000 -0.696168661 2.243991375 -0.547769904 -0.816950262 -0.102884807 -0.565589786 0.045992337
1413393321455760384.000000 -0.708716750 2.233223200 -0.570522547 -0.798261464 -0.083874367 -0.593193412 0.062172368
1413393321655760384.000000 -0.707810998 2.233760595 -0.571962059 -0.799467981 -0.085177191 -0.591575801 0.060281325
1413393322155760384.000000 -0.706733167 2.233076572 -0.572275043 -0.799509466 -0.084755734 -0.591502309 0.061042696
1413393322655760384.000000 -0.707526803 2.233171701 -0.572358370 -0.799484551 -0.084658697 -0.591547728 0.061062429
1413393323105760512.000000 -0.708178639 2.232975245 -0.571761489 -0.799532533 -0.084660053 -0.591452181 0.061358057
1413393323605760512.000000 -0.708615243 2.232886314 -0.571886659 -0.799626410 -0.084441751 -0.591333210 0.061582532
1413393324105760512.000000 -0.708256185 2.232974052 -0.572217941 -0.799762130 -0.084310792 -0.591165841 0.061606135
1413393324605760512.000000 -0.708410561 2.233000517 -0.571724117 -0.799882710 -0.084257595 -0.591006815 0.061638765
1413393325105760512.000000 -0.708946109 2.232989550 -0.571183264 -0.799962580 -0.084269546 -0.590877354 0.061827090
1413393325605760512.000000 -0.709410250 2.233052731 -0.571953535 -0.800030649 -0.083886355 -0.590852141 0.061707299
1413393326105760512.000000 -0.708309948 2.232869148 -0.571614206 -0.800082445 -0.083893381 -0.590746045 0.062042020
