1403636859051666432.000000 0.854069769 -0.878813982 0.249668360 -0.627531707 -0.513958573 -0.426822096 0.399841726
1403636862001666560.000000 0.928234458 -0.893035710 0.413800746 -0.658022285 -0.517268360 -0.419831038 0.350973129
1403636864601666560.000000 0.932370603 -0.889111578 0.694083393 -0.659439921 -0.490339994 -0.442965209 0.358451515
1403636866201666560.000000 0.915352225 -0.880336344 0.717977643 -0.642262280 -0.476163119 -0.466749549 0.378038049
1403636868901666560.000000 0.854531527 -1.010319114 0.457638323 -0.748086452 -0.559458256 -0.273234516 0.229599983
1403636871751666432.000000 1.152388453 -0.992852449 0.442429751 -0.772780061 -0.515627205 -0.289392114 0.230633482
1403636874701666560.000000 1.080665946 -0.952259183 0.408073753 -0.766734719 -0.531254351 -0.272430688 0.235941082
1403636876051666432.000000 0.861825168 -1.140775800 0.382170916 -0.844458580 -0.375962079 -0.315377384 0.214661017
1403636876201666560.000000 0.923456848 -1.185717463 0.389687330 -0.854223669 -0.344170809 -0.336619586 0.196305200
1403636876451666432.000000 1.061584711 -1.196328163 0.388275623 -0.869373918 -0.313591719 -0.342268020 0.169415981
1403636876701666560.000000 1.212881446 -1.121130466 0.392337769 -0.854784846 -0.325688034 -0.368245661 0.166329309
1403636878251666432.000000 0.805430949 -1.015753508 0.364815503 -0.766575098 -0.517799377 -0.278766841 0.257944852
1403636878601666560.000000 0.969602883 -1.133839011 0.362228215 -0.811605930 -0.439804614 -0.313970715 0.222013533
1403636878801666560.000000 1.096119881 -1.137713194 0.378521830 -0.821731985 -0.410824358 -0.340841442 0.199516714
1403636879051666432.000000 1.229050398 -1.085730910 0.391196728 -0.825742066 -0.400824666 -0.345465511 0.195303202
1403636879201666560.000000 1.277403474 -1.028809071 0.401529849 -0.817963600 -0.401588261 -0.355857819 0.207431093
1403636881151666432.000000 0.780477643 -1.159180641 0.483577043 -0.763440728 -0.479036361 -0.345754951 0.261028439
1403636881351666432.000000 0.744616687 -1.090486646 0.489108205 -0.734034359 -0.513342738 -0.336019933 0.291141599
1403636882901666560.000000 1.056250811 -0.882829547 0.345131010 -0.653207242 -0.527273834 -0.393862724 0.374399275
1403636885751666432.000000 1.011244416 -0.757162988 0.205958486 -0.549890161 -0.575251520 -0.394872785 0.459109962
1403636888301666560.000000 1.011054277 -0.757199466 0.205819458 -0.549823642 -0.575357199 -0.395068496 0.458889008
1403636891101666560.000000 1.010080457 -0.745914221 0.186045319 -0.548720181 -0.574192882 -0.397184759 0.459840149
1403636893701666560.000000 1.021172047 -0.752478123 0.193738446 -0.548728883 -0.574586928 -0.395275235 0.460981399
1403636896651666432.000000 1.018687248 -0.746455014 0.172062397 -0.547225296 -0.574739635 -0.397480935 0.460681915
1403636899251666432.000000 1.106038213 -0.693637192 0.444309115 -0.569810152 -0.584611475 -0.391266137 0.424801946
1403636900751666432.000000 1.414722443 -0.486195385 0.630249679 -0.627680361 -0.540310800 -0.420185894 0.370844245
1403636903701666560.000000 2.726680756 0.097137839 0.593833983 -0.617120385 -0.543031275 -0.426663518 0.377144247
1403636905701666560.000000 3.637729168 0.565614700 0.849485040 -0.614648879 -0.547636986 -0.434344202 0.365575761
1403636906201666560.000000 3.771755457 0.737581611 0.819159448 -0.613197625 -0.556534886 -0.422137082 0.368860334
1403636909101666560.000000 4.644582272 2.295352221 0.933406174 -0.604144931 -0.566012144 -0.399516940 0.393732697
1403636910651666432.000000 5.209567547 3.404885530 0.817645550 -0.593515337 -0.564742744 -0.417755663 0.392791986
1403636912001666560.000000 5.493765354 4.171525955 0.801660359 -0.604009271 -0.557013094 -0.404911131 0.401193529
1403636913101666560.000000 5.862087727 4.769618988 0.690942168 -0.597104549 -0.550580919 -0.421492666 0.403324664
1403636913851666432.000000 6.215337753 5.078889847 0.624361932 -0.599235892 -0.555370808 -0.419444561 0.395658702
1403636916451666432.000000 7.339323044 5.900125980 0.760527670 -0.596719980 -0.556891561 -0.428070188 0.388011634
1403636919251666432.000000 7.711858273 6.464456081 0.788982868 -0.695717216 -0.416384608 -0.478138924 0.337616175
1403636921751666432.000000 8.022777557 6.032592773 0.898178458 -0.713572383 -0.417965412 -0.472823799 0.304231822
1403636924101666560.000000 8.227133751 5.709508419 0.561085463 -0.758167028 -0.346234411 -0.507080495 0.219485462
1403636926901666560.000000 9.509153366 6.488257408 0.351749659 -0.759749234 -0.298449188 -0.527614534 0.235227838
1403636929651666432.000000 11.307777405 6.977908134 0.301202685 -0.785644829 -0.211467132 -0.560225129 0.155536935
1403636932501666560.000000 12.037517548 6.477791786 0.419791669 -0.781985343 -0.174681008 -0.588574171 0.107545093
1403636934351666432.000000 11.193131447 6.107968807 0.469841093 -0.813006997 -0.023105416 -0.580982387 0.030743469
1403636937001666560.000000 10.216835976 5.213289738 0.348203361 0.809941351 -0.068230525 0.580451965 0.049144886
1403636938351666432.000000 10.098484039 4.875901222 0.182973877 0.787062407 -0.098210461 0.606455564 0.055670071
1403636938951666432.000000 9.859965324 4.739816666 0.173560947 0.806300282 -0.116339259 0.577525079 0.053009037
1403636940001666560.000000 9.346858978 4.283855915 0.158074230 0.795950770 -0.105990268 0.593363106 0.056112513
1403636940251666432.000000 9.179403305 4.179270744 0.136357263 0.800051272 -0.125549018 0.583410800 0.061539676
1403636940551666432.000000 8.959647179 4.045660019 0.070002414 0.799510002 -0.138465494 0.580450594 0.068471402
1403636943251666432.000000 7.299633503 2.623389721 0.172047839 0.800088584 -0.130382046 0.579589546 0.083275624
1403636945851666432.000000 6.297859669 1.821566701 0.082006916 0.831384599 -0.082235634 0.546031833 0.062339615
1403636948501666560.000000 6.274296761 1.747132301 -0.540898025 0.823766947 -0.074821800 0.554550469 0.091013804
1403636948751666432.000000 6.402466297 1.780652165 -0.609810531 0.814996541 -0.060165834 0.567242026 0.101966880
1403636950151666432.000000 6.967243671 2.257413864 -0.747598588 0.824751079 -0.087774150 0.557004273 0.042751055
1403636950451666432.000000 7.088563919 2.301591396 -0.773762822 0.817684293 -0.079370320 0.567299962 0.057128310
1403636953001666560.000000 8.354424477 2.948444128 -0.891499758 0.816511929 -0.082795769 0.569369078 0.047664858
1403636953851666432.000000 8.782038689 3.128531933 -1.015024066 0.820579350 -0.064434849 0.564326108 0.063511312
1403636954401666560.000000 9.126689911 3.302293777 -0.956194580 0.821940839 -0.070691340 0.562660515 0.053189997
1403636955201666560.000000 9.702679634 3.633910179 -0.986269891 0.809616089 -0.091182277 0.575324535 0.072176300
1403636955501666560.000000 9.912668228 3.785592556 -1.005664945 0.806678236 -0.101980545 0.576697052 0.079314709
1403636956151666432.000000 10.338487625 4.165184498 -0.992621720 0.804081678 -0.133051559 0.576766193 0.055594850
1403636956551666432.000000 10.572237015 4.355868816 -0.982770383 0.803361893 -0.116315566 0.578505158 0.080075555
1403636956951666432.000000 10.762681961 4.545895100 -1.012213945 0.808518589 -0.063359275 0.584970653 0.009630679
1403636959451666432.000000 11.341967583 5.167686939 -1.068373322 -0.780373693 -0.242577031 -0.555085123 0.155092880
1403636960901666560.000000 11.479095459 5.628778458 -1.174238920 -0.772167444 -0.258964300 -0.551412642 0.180662468
1403636963751666432.000000 10.623721123 6.375953197 -0.735911965 -0.595236599 -0.552206397 -0.432643473 0.391894460
1403636964151666432.000000 10.411623001 6.351267815 -0.641860783 -0.595539749 -0.547901750 -0.439867496 0.389426023
1403636964401666560.000000 10.265908241 6.311045170 -0.568865418 -0.593053520 -0.550279438 -0.441158801 0.388405591
1403636964651666432.000000 10.108149529 6.249651909 -0.534684658 -0.580378056 -0.563422143 -0.442824543 0.386811733
1403636967301666560.000000 7.843575001 5.489491463 -0.090265453 -0.524502099 -0.613765478 -0.388817489 0.443858802
1403636967751666432.000000 7.594414234 5.228595734 -0.102757610 -0.523135602 -0.612849653 -0.395173877 0.441114664
1403636968351666432.000000 7.258826256 4.762349129 -0.304205924 -0.524777293 -0.610811949 -0.391319335 0.445406258
1403636968801666560.000000 7.017549515 4.342371941 -0.358490437 -0.518877387 -0.615634680 -0.399737835 0.438143849
1403636969051666432.000000 6.871130466 4.100464821 -0.351286054 -0.524665177 -0.611016572 -0.393156648 0.443636209
1403636969401666560.000000 6.665935993 3.731673241 -0.291926324 -0.538898885 -0.620266616 -0.374982655 0.429238141
1403636972001666560.000000 5.311806679 2.381966352 -0.425293654 -0.530063689 -0.608530343 -0.376752138 0.454731882
1403636972501666560.000000 5.274165630 2.302010298 -0.438659966 -0.538166642 -0.615543962 -0.366817117 0.443765223
1403636973551666432.000000 5.294340611 2.195252180 -0.472548127 -0.564964056 -0.590506315 -0.397625118 0.417147726
1403636976301666560.000000 5.415381908 2.087836266 -0.647848427 -0.751467288 -0.311592013 -0.517297447 0.265726686
1403636978201666560.000000 6.036223412 1.857017875 -1.033767581 -0.779664874 -0.241018891 -0.547694206 0.184563234
1403636978451666432.000000 6.146492958 1.805411458 -1.023358226 -0.787245274 -0.245060563 -0.538573742 0.173576131
1403636978701666560.000000 6.257321835 1.769272685 -0.999599695 -0.799786866 -0.247854456 -0.521504164 0.164141789
1403636979451666432.000000 6.679571152 1.784362316 -1.138268113 -0.791624963 -0.247238830 -0.533646107 0.165604487
1403636980501666560.000000 7.342268467 2.116485834 -1.166724801 -0.778593361 -0.229171932 -0.558682323 0.170724362
1403636981801666560.000000 7.974519253 2.564257383 -1.294086814 -0.788949907 -0.234741241 -0.547189415 0.151784033
1403636982151666432.000000 8.138895035 2.694569111 -1.261010170 -0.809213758 -0.231360838 -0.520182431 0.145104825
1403636983351666432.000000 9.046352386 3.294406891 -1.263653159 -0.783316135 -0.232515395 -0.554190934 0.158823088
1403636986051666432.000000 10.791382790 5.204614162 -1.268905640 -0.745588720 -0.252648562 -0.592247128 0.171783611
1403636989001666560.000000 10.298359871 6.585925102 -0.946086407 -0.753966987 -0.230698988 -0.573309481 0.222773597
1403636991451666432.000000 8.811198235 4.764079094 -0.755745769 -0.775507510 -0.264645606 -0.545141220 0.177121371
1403636991951666432.000000 8.496302605 4.472706795 -0.643272936 -0.785495222 -0.241061032 -0.537177086 0.190598562
1403636993451666432.000000 7.745847225 3.748474836 -0.547369957 -0.766866446 -0.266101211 -0.549421370 0.198096111
1403636993751666432.000000 7.581075668 3.642006636 -0.456336558 -0.754295468 -0.308935940 -0.533470392 0.225845501
1403636996401666560.000000 5.748733997 2.089308262 -0.236571312 -0.747827232 -0.330036134 -0.523690939 0.239955097
1403636998451666432.000000 4.812226295 1.183634162 0.105829135 -0.692920089 -0.449694246 -0.469923198 0.311141521
1403636998751666432.000000 4.748941422 1.162335157 0.211857945 -0.679883122 -0.442404658 -0.490536749 0.318450689
1403636999751666432.000000 4.417732239 1.071264386 0.387263507 -0.679571867 -0.438308209 -0.496451288 0.315601289
1403637001251666432.000000 3.569429636 0.686422825 0.415454477 -0.681638658 -0.434570760 -0.497835368 0.314129055
1403637002301666560.000000 2.901842356 0.251021624 0.465434611 -0.691732049 -0.433850259 -0.488668919 0.307381541
1403637003301666560.000000 2.300528288 -0.088034377 0.467251390 -0.693195522 -0.428287953 -0.493927449 0.303455263
1403637003601666560.000000 2.121912718 -0.184008330 0.465651959 -0.694441259 -0.423856080 -0.494871080 0.305286914
1403637003901666560.000000 1.944082260 -0.275603920 0.490710437 -0.695826590 -0.424998820 -0.492134064 0.304968178
1403637004201666560.000000 1.775475383 -0.365424186 0.461355746 -0.696772039 -0.433879912 -0.486880392 0.298671275
1403637004501666560.000000 1.616102695 -0.437825978 0.465990454 -0.693811774 -0.429090083 -0.491015792 0.305631131
1403637004851666432.000000 1.444330931 -0.528785586 0.540135801 -0.704256058 -0.408619016 -0.483448237 0.321452409
1403637005151666432.000000 1.335256934 -0.617750764 0.504524231 -0.705718637 -0.416216493 -0.486539602 0.303321928
1403637005451666432.000000 1.250732660 -0.700118423 0.441139698 -0.702706873 -0.422302306 -0.489485741 0.297098458
1403637005951666432.000000 1.121078372 -0.798107743 0.431591183 -0.700915456 -0.426638722 -0.485934913 0.300938815
1403637006451666432.000000 1.026499629 -0.859190345 0.444908321 -0.712299645 -0.427203000 -0.468793809 0.300598055
1403637006951666432.000000 0.996177316 -0.871696830 0.416689962 -0.673803687 -0.462022007 -0.466688991 0.338711679
1403637007351666432.000000 0.994541943 -0.881549954 0.377856702 -0.630954564 -0.504505396 -0.464065969 0.363336653
1403637007651666432.000000 0.978056848 -0.908835649 0.344319433 -0.635972917 -0.514598727 -0.450110078 0.357949197
1403637007951666432.000000 0.949329138 -0.926261783 0.310466707 -0.640663564 -0.506943047 -0.448816180 0.362109005
1403637008251666432.000000 0.917234600 -0.934553087 0.275592417 -0.651917100 -0.510853350 -0.441419125 0.345227659
1403637008551666432.000000 0.889373064 -0.918309033 0.264802158 -0.647652566 -0.499871194 -0.454011083 0.352914929
1403637008851666432.000000 0.863997877 -0.895582318 0.256606936 -0.661829531 -0.483310312 -0.437961549 0.369570851
1403637009151666432.000000 0.886078477 -0.881414354 0.230417043 -0.657619476 -0.490440071 -0.448173344 0.355170190
1403637009451666432.000000 0.933838725 -0.866903186 0.207988873 -0.637463093 -0.507793128 -0.459276378 0.353344381
1403637009751666432.000000 0.991465449 -0.846559465 -0.014579015 -0.619626999 -0.473623455 -0.470819294 0.412398368
1403637009951666432.000000 1.037804008 -0.835644126 -0.302995503 -0.610780954 -0.472745538 -0.475537211 0.421096832
1403637010151666432.000000 1.065326333 -0.845503092 -0.577767074 -0.610698223 -0.472712129 -0.473976851 0.423009396
1403637010351666432.000000 1.082765102 -0.880324125 -0.845150054 -0.610940158 -0.472734481 -0.473022491 0.423702627
