1403637149738319104.000000 -14.247672081 1.379570365 7.202973843 -0.597906709 -0.539317548 -0.406612068 0.431637377
1403637151338319104.000000 -14.009569168 1.671411633 7.490433216 -0.602277517 -0.545511067 -0.424886167 0.398937553
1403637153838319104.000000 -13.549994469 2.155970097 7.810613632 -0.601335168 -0.554835796 -0.418690860 0.394019246
1403637156438319104.000000 -12.726655960 3.059656143 7.653407097 -0.748458683 -0.328048140 -0.503551662 0.280409902
1403637159388318976.000000 -10.055718422 2.169408798 7.306501389 -0.806891978 -0.147322714 -0.552803993 0.147068113
1403637160988318976.000000 -8.321982384 0.825339794 7.026502132 0.826536655 -0.040873770 0.561038733 0.020050600
1403637162988318976.000000 -6.883566380 -1.127562284 7.279430389 0.770447791 -0.143137276 0.617520928 0.067749642
1403637164538319104.000000 -8.091187477 -2.923235893 7.284982681 0.747387528 -0.322481811 0.556339562 0.167043999
1403637167038319104.000000 -10.732016563 -5.381045818 7.114527702 0.759704471 -0.282962471 0.493983358 0.314263910
1403637169988318976.000000 -8.384955406 -1.997939348 6.584125042 0.796134591 -0.074822783 0.587976933 0.121878922
1403637172588318976.000000 -9.236707687 2.234764814 6.231251240 -0.778822720 -0.194345608 -0.563232601 0.196046025
1403637173588318976.000000 -10.331341743 2.619157076 6.244305611 -0.836868405 -0.050610773 -0.533212781 0.113021784
1403637173788318976.000000 -10.382594109 2.593143463 6.176838398 0.843332767 -0.002365277 0.527264297 -0.103811122
1403637173988318976.000000 -10.381464958 2.510998487 6.103954315 0.856805444 -0.026236283 0.509730339 -0.073287360
1403637174188318976.000000 -10.313598633 2.377794981 6.095102787 0.828315914 -0.012799043 0.559423149 -0.027833711
1403637174788318976.000000 -10.106408119 1.839545250 6.253825188 0.793814361 -0.064300708 0.604730487 -0.005038966
1403637177088318976.000000 -11.509651184 -1.428278089 6.365232468 0.806809068 -0.198050648 0.547106445 0.102516957
1403637179538319104.000000 -10.813787460 -3.807435751 6.085565090 0.769438088 -0.259817123 0.543978393 0.211063221
1403637181638319104.000000 -8.345040321 -2.168597460 6.047994614 0.757021546 -0.280719012 0.542272210 0.232499734
1403637183338319104.000000 -7.078670979 0.406564116 6.649997711 0.715301812 -0.315643042 0.598487139 0.174716920
1403637184288318976.000000 -8.017663956 1.660665870 6.491038322 0.730551124 -0.338276714 0.573591352 0.151185304
1403637185088318976.000000 -9.387763023 2.056718349 6.351508617 0.782459736 -0.321174741 0.504643440 0.173028022
1403637185338319104.000000 -9.732596397 2.044465780 6.369512081 0.788663626 -0.321162611 0.494409353 0.174423635
1403637185838319104.000000 -10.252703667 1.859596968 6.551188946 0.774529696 -0.306194037 0.515381098 0.201820299
1403637186338319104.000000 -10.601551056 1.598789692 6.687854767 0.761489391 -0.299333960 0.534860849 0.210848555
1403637186838319104.000000 -10.896627426 1.354358673 6.919740200 0.755402029 -0.323880613 0.539842725 0.181766003
1403637187288318976.000000 -11.197634697 1.086277246 6.966320992 0.751166224 -0.336646408 0.539623260 0.176706597
1403637187588318976.000000 -11.425385475 0.843378842 6.957954407 0.766776264 -0.338980854 0.508021712 0.197636515
1403637189488318976.000000 -12.158695221 -1.342494011 6.451160908 0.713469148 -0.405695558 0.516030610 0.245123073
1403637191738319104.000000 -13.200564384 -3.440705538 6.528457642 0.736835301 -0.348664403 0.522203565 0.250620008
1403637191988318976.000000 -13.319594383 -3.546408176 6.576999187 0.746561706 -0.340326607 0.504491568 0.268908530
1403637192338319104.000000 -13.397399902 -3.658658981 6.714934349 0.758132815 -0.342486829 0.483453870 0.272414565
1403637192838319104.000000 -13.296333313 -3.793829679 6.868323803 0.754381239 -0.364951104 0.488553286 0.242971778
1403637193738319104.000000 -12.833332062 -4.221620083 7.117906094 0.749039710 -0.355503291 0.499035746 0.252032459
1403637194038319104.000000 -12.623350143 -4.405317783 7.205990791 0.744023442 -0.351829529 0.506566942 0.256972939
1403637194288318976.000000 -12.427408218 -4.545903683 7.209159851 0.742092192 -0.354290485 0.508606911 0.255140245
1403637194588318976.000000 -12.165340424 -4.697813988 7.234868526 0.744785428 -0.357292563 0.504050314 0.252131104
1403637197288318976.000000 -9.183241844 -4.157665730 7.304574966 0.741138875 -0.296526015 0.552921534 0.238879472
1403637199938319104.000000 -8.418622971 2.077060223 7.664518356 -0.737680554 -0.204593271 -0.610428214 0.203338161
1403637200188318976.000000 -8.709652901 2.625930309 7.528270721 -0.696429849 -0.266619027 -0.602044821 0.285380036
1403637203088318976.000000 -10.853126526 3.166615725 7.283194542 -0.761432290 -0.302656770 -0.534687757 0.206709549
1403637205538319104.000000 -10.761313438 2.400045395 7.207236290 -0.760987520 -0.305823624 -0.533123732 0.207723662
1403637208188318976.000000 -11.348509789 2.229567051 7.312179565 -0.761889637 -0.300540835 -0.533245862 0.211774454
1403637211088318976.000000 -11.092396736 3.429444790 7.092093468 -0.765986621 -0.338085413 -0.481430233 0.259206146
1403637212488318976.000000 -9.467805862 5.428275108 6.776326656 -0.744481206 -0.328409493 -0.525398314 0.248699814
1403637212738319104.000000 -9.178866386 5.714083672 6.823016167 -0.756068766 -0.333694935 -0.510990202 0.236424893
1403637213038319104.000000 -8.843658447 6.055243969 6.879289150 -0.755540609 -0.341306895 -0.510665119 0.227791831
1403637213288318976.000000 -8.565411568 6.343055248 6.908509254 -0.755646169 -0.340922415 -0.507307649 0.235392720
1403637213538319104.000000 -8.285452843 6.633571625 6.914912701 -0.749732494 -0.341167003 -0.515215456 0.236768425
1403637213838319104.000000 -7.959572315 6.981287003 6.885267735 -0.741792321 -0.357758164 -0.524550617 0.215870172
1403637214088318976.000000 -7.730641365 7.293551922 6.862057209 -0.735588372 -0.360762000 -0.527838290 0.223936141
1403637214338319104.000000 -7.548786163 7.619246483 6.874851227 -0.717551231 -0.375536829 -0.526230693 0.259178579
1403637214588318976.000000 -7.425858498 7.925295353 6.925980568 -0.676678658 -0.430110306 -0.529679835 0.276677430
1403637214888318976.000000 -7.377620697 8.269051552 7.016124249 -0.641875148 -0.469247788 -0.534806669 0.285980105
1403637216688318976.000000 -9.212612152 9.011031151 7.377322197 -0.552605152 -0.557156026 -0.420424283 0.455464870
1403637216938319104.000000 -9.495753288 8.880875587 7.407572269 -0.545830190 -0.546651363 -0.437322080 0.460424930
1403637217238319104.000000 -9.807579994 8.616938591 7.471376419 -0.573366404 -0.539575756 -0.410461664 0.460032910
1403637217538319104.000000 -10.035956383 8.263211250 7.467309475 -0.584852636 -0.531153679 -0.401285291 0.463457882
1403637217838319104.000000 -10.183835030 7.836109161 7.449154854 -0.530589998 -0.574041963 -0.419981122 0.461048812
1403637218138319104.000000 -10.310063362 7.308818340 7.460098743 -0.495963097 -0.615890980 -0.389682233 0.472066343
1403637218438319104.000000 -10.434078217 6.720860481 7.454171658 -0.485439092 -0.629107714 -0.379390687 0.473957032
1403637218738319104.000000 -10.548400879 6.086353779 7.430819035 -0.490535945 -0.631602645 -0.376056075 0.468011171
1403637218988318976.000000 -10.642596245 5.537750244 7.375186443 -0.488074183 -0.638656378 -0.386191100 0.452502012
1403637219238319104.000000 -10.755831718 4.969460487 7.270561218 -0.487775594 -0.639328778 -0.389404982 0.449107468
1403637220238319104.000000 -11.489482880 2.759842396 7.277313232 -0.521688640 -0.649992287 -0.350349545 0.427324593
1403637222938319104.000000 -12.743631363 0.165150285 7.174501896 -0.654094994 -0.513024628 -0.426864743 0.356022507
1403637224938319104.000000 -12.759552002 0.216976106 7.351821423 -0.629841566 -0.516940713 -0.444932818 0.371627122
1403637226238319104.000000 -12.963127136 0.123882972 7.350963593 -0.620200634 -0.521317184 -0.451468498 0.373839289
1403637226538319104.000000 -13.053619385 0.074428231 7.390248775 -0.631300509 -0.532436252 -0.435863763 0.357762724
1403637228188318976.000000 -13.385299683 0.200903758 7.326267242 -0.626581371 -0.512825966 -0.450551927 0.376042843
1403637228438319104.000000 -13.394623756 0.222896561 7.305416107 -0.622311056 -0.513804257 -0.453462571 0.378293455
1403637229438319104.000000 -13.547413826 0.132034764 7.325888634 -0.639438808 -0.509449482 -0.448991090 0.360536128
1403637229738319104.000000 -13.598670006 0.076974794 7.267163277 -0.703962684 -0.448742568 -0.435642272 0.336574644
1403637230288318976.000000 -13.588642120 0.032345045 7.148437977 -0.753854632 -0.346667916 -0.506474495 0.234538376
1403637230588318976.000000 -13.560485840 0.050162066 7.168252468 -0.746510684 -0.320832998 -0.537222326 0.226230517
1403637231138319104.000000 -13.522034645 0.031605884 7.207675457 -0.807582915 -0.202683240 -0.530478477 0.159128904
1403637231438319104.000000 -13.451840401 -0.020639732 7.113574028 -0.825305402 -0.087896273 -0.549277902 0.097154111
1403637231738319104.000000 -13.351471901 -0.089215413 6.901773930 0.832490563 -0.035684034 0.552406013 -0.023103351
1403637232038319104.000000 -13.211077690 -0.222094893 6.753312588 0.821143210 -0.129352763 0.554726899 0.035636116
1403637232338319104.000000 -13.047631264 -0.412805319 6.689134598 0.789346218 -0.199338406 0.573903382 0.088496394
1403637232938319104.000000 -12.868551254 -0.965539455 6.710771561 0.771364927 -0.344930947 0.513884723 0.148125619
1403637235788318976.000000 -9.323463440 -2.393393517 5.910517216 0.809822202 -0.095913507 0.569670916 0.102292314
1403637236188318976.000000 -8.770426750 -1.931109786 5.967135906 -0.800985336 -0.006387250 -0.590161562 -0.100454926
1403637238388318976.000000 -9.208644867 2.207859755 7.350170612 -0.799073219 0.028074263 -0.586398721 0.129732564
1403637239288318976.000000 -10.515133858 1.674942493 7.713128090 0.855990410 -0.168432191 0.488764644 -0.004489529
1403637239588318976.000000 -10.653757095 1.038407564 7.753136158 0.831599116 -0.212581381 0.510831714 0.047989137
1403637239938319104.000000 -10.736172676 0.178815305 7.623666763 0.777719736 -0.271811396 0.547333181 0.147299439
1403637240238319104.000000 -10.812915802 -0.574224174 7.438740730 0.739193738 -0.336379528 0.541952252 0.216169372
1403637240638319104.000000 -10.922161102 -1.531838775 7.199894905 0.747875035 -0.383434087 0.480791211 0.250002265
1403637240938319104.000000 -10.932318687 -2.247189760 7.119512558 0.734038770 -0.365177095 0.502402484 0.274635404
1403637241188318976.000000 -10.898981094 -2.806767464 7.057926655 0.735736132 -0.359511644 0.506729901 0.269571006
1403637241488318976.000000 -10.826207161 -3.418638229 6.945385933 0.743229270 -0.336536586 0.502541006 0.286017448
1403637241788318976.000000 -10.690153122 -3.934088707 6.863597870 0.733747780 -0.314839125 0.519922912 0.303596318
1403637242088318976.000000 -10.510802269 -4.301077366 6.844106197 0.711484671 -0.322532505 0.553471625 0.288845330
1403637242538319104.000000 -10.256939888 -4.565883160 6.865737438 0.719049275 -0.303223342 0.534647763 0.324307919
1403637242838319104.000000 -10.047975540 -4.534153461 6.872711182 0.725835204 -0.284732729 0.557533503 0.285038680
1403637243138319104.000000 -9.861186981 -4.335687637 6.912555695 0.732226253 -0.260197073 0.568299174 0.270515025
1403637243388318976.000000 -9.721749306 -4.078472137 6.920166492 0.746798813 -0.269348502 0.554408193 0.249749020
1403637243638319104.000000 -9.587904930 -3.762613297 6.911104202 0.751258373 -0.281697333 0.548922777 0.234395400
1403637243938319104.000000 -9.436796188 -3.347080946 6.955612183 0.756972969 -0.314855129 0.537745595 0.196692288
1403637244238319104.000000 -9.315175056 -2.961505413 7.086527824 0.753696859 -0.320283413 0.537527382 0.201057389
1403637244588318976.000000 -9.200751305 -2.581929684 7.305574894 0.768438220 -0.304891378 0.526368916 0.198695108
1403637244988318976.000000 -9.038414955 -2.207993507 7.506055832 0.790911615 -0.260667115 0.522985756 0.181652099
1403637245338319104.000000 -8.824378967 -1.943076849 7.622293949 0.799844265 -0.264946133 0.513526738 0.162305549
1403637245688318976.000000 -8.536470413 -1.756420374 7.689743042 0.806624532 -0.232444778 0.518864572 0.161573291
1403637246038319104.000000 -8.181616783 -1.583635211 7.694788933 0.805042565 -0.147361502 0.563512743 0.112447776
1403637246388318976.000000 -7.827826023 -1.382317781 7.629005432 0.811137557 -0.009037509 0.584348261 0.022613119
1403637246688318976.000000 -7.570293427 -1.169756889 7.526481628 -0.788176358 -0.117569827 -0.602604449 0.042699810
1403637247038319104.000000 -7.392517090 -0.863484561 7.423634052 -0.774468958 -0.220572144 -0.582023680 0.113112107
1403637247588318976.000000 -7.329627514 -0.319944322 7.295066833 -0.759232521 -0.233438909 -0.588177204 0.152052104
1403637247988318976.000000 -7.446113586 0.086058080 7.193569660 -0.738888502 -0.279626667 -0.588487983 0.171856508
1403637248288318976.000000 -7.653022289 0.396091163 7.160909176 -0.748175383 -0.314513683 -0.548299491 0.201699093
1403637248588318976.000000 -7.911824226 0.688447237 7.083481789 -0.738490045 -0.320849359 -0.552547216 0.215359673
1403637248938319104.000000 -8.261870384 1.013933778 7.041291237 -0.751726389 -0.317534775 -0.540872812 0.203803182
1403637249238319104.000000 -8.593093872 1.301338077 7.096384525 -0.755744040 -0.308694363 -0.541714907 0.200259179
1403637249838319104.000000 -9.282682419 1.904078960 7.099899769 -0.745612681 -0.303105652 -0.555046737 0.210028052
1403637250138319104.000000 -9.678721428 2.200945139 7.101802826 -0.746376753 -0.322030962 -0.531888366 0.237303033
1403637252938319104.000000 -11.484211922 3.264745235 7.403881550 -0.703757942 -0.425130337 -0.472697288 0.317090362
1403637254938319104.000000 -11.860323906 2.768843889 7.565626621 -0.668235898 -0.459833860 -0.481024712 0.332609326
1403637256238319104.000000 -12.429869652 2.288647890 7.639132977 -0.583341599 -0.569672883 -0.419972867 0.398507655
1403637257038319104.000000 -12.893911362 1.959647298 7.633674622 -0.588924587 -0.568112016 -0.405995190 0.406920701
1403637257688318976.000000 -13.243616104 1.718860388 7.631062031 -0.565900147 -0.598826945 -0.395078361 0.406296015
1403637257988318976.000000 -13.420084953 1.626753330 7.584204674 -0.560460389 -0.614613712 -0.372913122 0.411181092
1403637258738319104.000000 -13.864333153 1.527834892 7.570816040 -0.501134276 -0.645656288 -0.338808030 0.466048807
1403637259038319104.000000 -14.005515099 1.507453918 7.519001484 -0.502323508 -0.640693188 -0.338698238 0.471663862
1403637259338319104.000000 -14.117830276 1.487287402 7.544712067 -0.505531013 -0.636564672 -0.339551568 0.473210990
1403637259838319104.000000 -14.222227097 1.447639346 7.573174000 -0.510889828 -0.636796534 -0.337945223 0.468267858
1403637260388318976.000000 -14.220337868 1.409831166 7.496914387 -0.494851440 -0.645324707 -0.359188497 0.457888305
1403637260688318976.000000 -14.219641685 1.383472562 7.436547756 -0.502543747 -0.655795813 -0.347306639 0.443576217
1403637261038319104.000000 -14.254497528 1.361999512 7.352239609 -0.494512618 -0.646124423 -0.355782688 0.459781796
1403637261388318976.000000 -14.306100845 1.345237494 7.292047501 -0.502686560 -0.653923988 -0.344802320 0.448108315
1403637261838319104.000000 -14.381243706 1.387125134 7.268796921 -0.503194392 -0.651426733 -0.345038682 0.450984418
1403637262288318976.000000 -14.458168983 1.474804997 7.215586662 -0.503820360 -0.633501887 -0.350485623 0.471169114
1403637262488318976.000000 -14.433055878 1.518869519 7.299508095 -0.516976833 -0.630623281 -0.374976099 0.440956056
1403637262688318976.000000 -14.420414925 1.582911015 7.418670654 -0.524845898 -0.618372202 -0.370249122 0.452844620
1403637263088318976.000000 -14.433626175 1.723337531 7.712319851 -0.528287470 -0.612657130 -0.370615810 0.456297725
1403637263488318976.000000 -14.511130333 1.894881606 8.026008606 -0.528669238 -0.612959445 -0.370519191 0.455527395
1403637263938319104.000000 -14.687901497 2.132063150 8.381222725 -0.528904200 -0.612589061 -0.370496511 0.455771148
1403637264188318976.000000 -14.827394485 2.282784700 8.580650330 -0.529039383 -0.612287819 -0.370443910 0.456061661
1403637264488318976.000000 -15.034984589 2.482830048 8.820658684 -0.529247999 -0.612196863 -0.370409548 0.455969602
1403637264888318976.000000 -15.376457214 2.785179377 9.145551682 -0.529692590 -0.612020433 -0.370029241 0.455998987
1403637265288318976.000000 -15.790503502 3.126159430 9.476230621 -0.529974401 -0.612154722 -0.370231986 0.455326438
1403637265388318976.000000 -15.905760765 3.217325211 9.559613228 -0.530014813 -0.612165451 -0.370200962 0.455290109
1403637265488318976.000000 -16.025632858 3.310848475 9.643414497 -0.530199409 -0.612267137 -0.370202452 0.454937041
