1403636859051666432.000000 3.721421480 -11.170816422 -9.767904282 -0.617720246 -0.526771426 -0.417370856 0.408332139
1403636861901666560.000000 3.801964760 -11.179955482 -9.542254448 -0.639218688 -0.524497390 -0.426979393 0.366047412
1403636864401666560.000000 3.798432350 -11.185409546 -9.401498795 -0.658458233 -0.529288411 -0.412834674 0.340373367
1403636866351666432.000000 3.783120871 -11.172586441 -9.289817810 -0.633349061 -0.493052542 -0.462688357 0.376414120
1403636868901666560.000000 3.726091623 -11.304139137 -9.558984756 -0.736564994 -0.574877441 -0.268194079 0.234648302
1403636871501666560.000000 4.139816284 -11.286148071 -9.582515717 -0.765561581 -0.524577320 -0.295968443 0.226134732
1403636873801666560.000000 4.148288727 -11.275050163 -9.609872818 -0.770545721 -0.529910624 -0.275535941 0.222562581
1403636876101666560.000000 3.757016659 -11.450490952 -9.630388260 -0.841244638 -0.381875932 -0.318651319 0.211989492
1403636876251666432.000000 3.825148106 -11.483177185 -9.624627113 -0.851177216 -0.352699161 -0.336066604 0.195345491
1403636876451666432.000000 3.940277576 -11.480055809 -9.626751900 -0.863307536 -0.331913352 -0.338072836 0.173898041
1403636876651666432.000000 4.063288212 -11.422205925 -9.625061035 -0.853000104 -0.338087112 -0.360441476 0.167839229
1403636878551666432.000000 3.814540863 -11.415204048 -9.656808853 -0.798510134 -0.464440376 -0.302278340 0.235169247
1403636878851666432.000000 4.002105713 -11.413757324 -9.633795738 -0.814933956 -0.422865242 -0.340512395 0.202778161
1403636879051666432.000000 4.102560520 -11.364298820 -9.624942780 -0.818144441 -0.417186677 -0.340973467 0.200828224
1403636879351666432.000000 4.160945892 -11.237379074 -9.602700233 -0.793431997 -0.430946171 -0.363754392 0.228984207
1403636880701666560.000000 3.815588236 -11.442000389 -9.543144226 -0.779953063 -0.467588782 -0.345874786 0.231094196
1403636881001666560.000000 3.707550764 -11.483352661 -9.534318924 -0.775101662 -0.476972610 -0.334241599 0.244943306
1403636881201666560.000000 3.643142223 -11.441647530 -9.530308723 -0.746368229 -0.502747297 -0.337620139 0.276029706
1403636881401666560.000000 3.618898630 -11.367594719 -9.524935722 -0.718101263 -0.535272777 -0.328160703 0.300206870
1403636882051666432.000000 3.895245314 -11.152893066 -9.549146652 -0.705248952 -0.546980321 -0.348713279 0.286069334
1403636885001666560.000000 3.871834755 -11.046888351 -9.810706139 -0.538435578 -0.586852431 -0.384819329 0.466482103
1403636887501666560.000000 3.871741295 -11.047157288 -9.810654640 -0.538543105 -0.586772263 -0.384902477 0.466390193
1403636890001666560.000000 3.871570826 -11.047232628 -9.810936928 -0.538386703 -0.586511374 -0.385222048 0.466634959
1403636892501666560.000000 3.871859550 -11.047131538 -9.810737610 -0.538213074 -0.586244166 -0.385513812 0.466930032
1403636895001666560.000000 3.871817350 -11.047060966 -9.810759544 -0.538419962 -0.586238980 -0.385219961 0.466940582
1403636897751666432.000000 3.917194128 -11.108139992 -9.802474976 -0.560983479 -0.609765887 -0.376787722 0.414142728
1403636900501666560.000000 4.208542824 -10.794804573 -9.440868378 -0.612328291 -0.544143260 -0.425879896 0.384172618
1403636903201666560.000000 5.348414898 -10.236073494 -9.489771843 -0.606451809 -0.547830820 -0.425771415 0.388350725
1403636905801666560.000000 6.454451084 -9.613207817 -9.166977882 -0.604080796 -0.561215460 -0.421358675 0.377598345
1403636907101666560.000000 6.753590584 -9.080976486 -9.194385529 -0.596484959 -0.566445112 -0.415097475 0.388638288
1403636907601666560.000000 6.858870506 -8.842159271 -9.192932129 -0.606557131 -0.566248596 -0.393831223 0.395408452
1403636909101666560.000000 7.357435226 -7.889117241 -9.082063675 -0.593746901 -0.579856813 -0.388902187 0.399982303
1403636911101666560.000000 7.955266953 -6.471632004 -9.259785652 -0.577979207 -0.565653324 -0.412790626 0.419023156
1403636911651666432.000000 8.062639236 -6.164676189 -9.223402023 -0.582942128 -0.577387929 -0.407873094 0.400550991
1403636912551666432.000000 8.262813568 -5.683010578 -9.256222725 -0.592498124 -0.568006933 -0.400495589 0.407329708
1403636913301666560.000000 8.548131943 -5.294583797 -9.385275841 -0.583705127 -0.564844489 -0.415288538 0.409602761
1403636916001666560.000000 9.688063622 -4.342049599 -9.354827881 -0.592619598 -0.561751544 -0.408256412 0.408122480
1403636918951666432.000000 10.207523346 -3.697678566 -9.399036407 -0.680756927 -0.452378035 -0.462814063 0.343114257
1403636921701666560.000000 10.539174080 -4.043177128 -9.164769173 -0.699829221 -0.431407928 -0.472923845 0.316968858
1403636924651666432.000000 10.925419807 -4.187755108 -9.447307587 -0.745290697 -0.343461692 -0.506068647 0.265462697
1403636925351666432.000000 11.229012489 -4.051033020 -9.558277130 -0.752065897 -0.339220047 -0.517112553 0.227862403
1403636928201666560.000000 12.776022911 -3.337129831 -9.859338760 -0.798714757 -0.222005844 -0.538339317 0.151522651
1403636931151666432.000000 14.467755318 -2.969192028 -9.714094162 -0.786148548 -0.191287279 -0.561101019 0.174772009
1403636933801666560.000000 13.938599586 -3.712043047 -9.613963127 -0.810381114 -0.107155502 -0.570749044 0.077755123
1403636936701666560.000000 12.830337524 -4.580517292 -9.606823921 0.815853477 -0.058886372 0.574361503 0.032007638
1403636938251666432.000000 12.708476067 -5.049316406 -9.776226997 0.793710113 -0.072954737 0.600910425 0.060072251
1403636938651666432.000000 12.573328972 -5.087954044 -9.837475777 0.804669797 -0.119204454 0.581290066 0.019970234
1403636940201666560.000000 11.772103310 -5.721257687 -9.853998184 0.803834498 -0.112087511 0.581640005 0.054602418
1403636940451666432.000000 11.593514442 -5.842857361 -9.910216331 0.802604437 -0.123628922 0.580430746 0.060350977
1403636942551666432.000000 10.291347504 -6.937994003 -9.782255173 0.809993804 -0.123204693 0.570690155 0.055167854
1403636945351666432.000000 9.071037292 -8.155508041 -9.915015221 0.809300542 -0.064878337 0.581338167 0.053567361
1403636947951666432.000000 8.710706711 -8.202697754 -10.427523613 0.824787021 -0.079757713 0.553964078 0.080553576
1403636948451666432.000000 8.884539604 -8.251262665 -10.515422821 0.827778280 -0.071118236 0.551017106 0.078137763
1403636949051666432.000000 9.201176643 -8.100788116 -10.599818230 0.808474720 -0.078096226 0.581583977 0.045053929
1403636949351666432.000000 9.337588310 -7.977734566 -10.639516830 0.808184803 -0.073911041 0.582624555 0.043855429
1403636950251666432.000000 9.626279831 -7.711777687 -10.716723442 0.830141664 -0.077021241 0.550851583 0.038666867
1403636950651666432.000000 9.803505898 -7.647683144 -10.758100510 0.817728281 -0.060434259 0.568945944 0.062998801
1403636953401666560.000000 11.139575958 -6.894344807 -10.992361069 0.822422266 -0.076755553 0.562618494 0.034503870
1403636954401666560.000000 11.695733070 -6.622089386 -10.946203232 0.826300383 -0.060325034 0.557967901 0.047544651
1403636954901666560.000000 12.053280830 -6.411987782 -10.929448128 0.816074908 -0.073145650 0.570592284 0.055640776
1403636955151666432.000000 12.235498428 -6.294237137 -10.983922958 0.813524842 -0.079059631 0.572439134 0.065119274
1403636955401666560.000000 12.412068367 -6.167080402 -11.002156258 0.811754763 -0.088241227 0.572812617 0.071786880
1403636956151666432.000000 12.913179398 -5.724038601 -11.019230843 0.808696806 -0.120263159 0.573458672 0.051877759
1403636956551666432.000000 13.136937141 -5.527846813 -11.015377045 0.807544470 -0.104071945 0.575652242 0.075270012
1403636956851666432.000000 13.278811455 -5.381439686 -11.056026459 0.807578146 -0.076627664 0.584476292 0.018256411
1403636959251666432.000000 13.838994980 -4.771032810 -11.064984322 -0.781144142 -0.252525926 -0.543857336 0.173964486
1403636960901666560.000000 14.006210327 -4.273166656 -11.251429558 -0.768888950 -0.270879030 -0.547195971 0.189765722
1403636963551666432.000000 13.240673065 -3.586722136 -10.812350273 -0.581619680 -0.567310214 -0.418670177 0.405700654
1403636964151666432.000000 12.928576469 -3.631208897 -10.693512917 -0.585991085 -0.560905397 -0.429791778 0.396583706
1403636964401666560.000000 12.786724091 -3.671866894 -10.633508682 -0.582736254 -0.562690854 -0.432141632 0.396296620
1403636964901666560.000000 12.445263863 -3.796473503 -10.605648041 -0.540217340 -0.601201057 -0.419993103 0.412708580
1403636966951666432.000000 10.642562866 -4.435387611 -10.168443680 -0.515698850 -0.620059550 -0.367529213 0.463144898
1403636967951666432.000000 10.071581841 -5.014533520 -10.225535393 -0.510809183 -0.621109545 -0.385087609 0.452774346
1403636968251666432.000000 9.903949738 -5.246837616 -10.337144852 -0.512833238 -0.619756639 -0.381438196 0.455421567
1403636968651666432.000000 9.697849274 -5.611168385 -10.392583847 -0.512415648 -0.623059690 -0.382608354 0.450375170
1403636969101666560.000000 9.459192276 -6.066480160 -10.380647659 -0.515532434 -0.621458590 -0.379169136 0.451936096
1403636969501666560.000000 9.243260384 -6.490608215 -10.285348892 -0.529086828 -0.633900583 -0.362837344 0.431956410
1403636969851666432.000000 9.050387383 -6.816951275 -10.230684280 -0.531821907 -0.634011209 -0.362701774 0.428535670
1403636972051666432.000000 8.000146866 -7.803824902 -10.412366867 -0.519942522 -0.620565057 -0.363175571 0.461153269
1403636972301666560.000000 7.976023674 -7.849407673 -10.435064316 -0.528578401 -0.624604464 -0.351455301 0.454921275
1403636972801666560.000000 7.971593380 -7.911707401 -10.365506172 -0.522991478 -0.627359629 -0.363317549 0.448218971
1403636973551666432.000000 7.996227264 -7.982073307 -10.442414284 -0.555411756 -0.604242325 -0.384349763 0.422710627
1403636976401666560.000000 8.144994736 -8.058259964 -10.664540291 -0.755379975 -0.304869592 -0.517036259 0.262924165
1403636978651666432.000000 8.953134537 -8.329760551 -11.015391350 -0.794221520 -0.263285369 -0.518773615 0.175404936
1403636979501666560.000000 9.422007561 -8.289303780 -11.145319939 -0.790142357 -0.263267010 -0.525087178 0.175068334
1403636981251666432.000000 10.413455963 -7.634162903 -11.246389389 -0.779984653 -0.244553566 -0.544392526 0.188293397
1403636982051666432.000000 10.765786171 -7.361152649 -11.295799255 -0.801331043 -0.248241752 -0.522072017 0.153901219
1403636982451666432.000000 10.987442017 -7.158148289 -11.292912483 -0.798931956 -0.233463898 -0.526314139 0.173769534
1403636982801666560.000000 11.240188599 -6.967916012 -11.263304710 -0.791865647 -0.237239763 -0.533479810 0.179068461
1403636985501666560.000000 13.121190071 -5.196935654 -11.335387230 -0.782186806 -0.246453553 -0.549588740 0.159363046
1403636988251666432.000000 13.056567192 -3.361173630 -11.126925468 -0.770576119 -0.257421076 -0.540443361 0.218786910
1403636991101666560.000000 11.622256279 -5.019288540 -10.820318222 -0.768411696 -0.279771596 -0.542598963 0.191983953
1403636993101666560.000000 10.536250114 -6.170001030 -10.637930870 -0.778037488 -0.252646446 -0.548821449 0.172111556
1403636993551666432.000000 10.314979553 -6.331038475 -10.568135262 -0.756535351 -0.296979040 -0.540106118 0.218502194
1403636993901666560.000000 10.134385109 -6.464432716 -10.486145020 -0.744221330 -0.336666465 -0.525030255 0.239026278
1403636994751666432.000000 9.605011940 -6.853327751 -10.477354050 -0.738232017 -0.333485782 -0.527438104 0.256144136
1403636997701666560.000000 7.785883904 -8.796848297 -10.149053574 -0.677066624 -0.474750161 -0.458586216 0.325410217
1403636999201666560.000000 7.382377625 -9.028432846 -9.673885345 -0.667057276 -0.460790485 -0.493156403 0.315441847
1403637001201666560.000000 6.383620739 -9.507587433 -9.604944229 -0.673331916 -0.448948771 -0.490307838 0.323523492
1403637002201666560.000000 5.762121201 -9.933657646 -9.542294502 -0.684560597 -0.447598189 -0.479924053 0.317341447
1403637002701666560.000000 5.475344181 -10.131119728 -9.547404289 -0.681238949 -0.451991975 -0.485379159 0.309877098
1403637003201666560.000000 5.177531242 -10.307330132 -9.543573380 -0.686020434 -0.444167972 -0.484567314 0.311905950
1403637003601666560.000000 4.944080353 -10.438158989 -9.556436539 -0.686545968 -0.437497884 -0.487583578 0.315455973
1403637003951666432.000000 4.745531559 -10.558434486 -9.529924393 -0.688662946 -0.441473663 -0.483046830 0.312266201
1403637004301666560.000000 4.556135178 -10.670648575 -9.559320450 -0.688942194 -0.448862523 -0.477737874 0.309269547
1403637004651666432.000000 4.381038666 -10.756682396 -9.507528305 -0.688304186 -0.435461313 -0.483208209 0.321124017
1403637005001666560.000000 4.230174541 -10.857489586 -9.480615616 -0.703159571 -0.425740063 -0.469507068 0.322296649
1403637005351666432.000000 4.130866051 -10.956835747 -9.548527718 -0.698429644 -0.435517639 -0.479060799 0.304993689
1403637005851666432.000000 4.006632328 -11.064208984 -9.595004082 -0.696550429 -0.440197080 -0.473764986 0.310790658
1403637006351666432.000000 3.909291506 -11.133537292 -9.569536209 -0.699138403 -0.440982938 -0.469136685 0.310886383
1403637006851666432.000000 3.864199400 -11.159389496 -9.588670731 -0.675674736 -0.460048229 -0.466046333 0.338555992
1403637007301666560.000000 3.859646559 -11.169724464 -9.629622459 -0.625622869 -0.517334700 -0.453249723 0.368137866
1403637007651666432.000000 3.845879078 -11.197876930 -9.671395302 -0.625507176 -0.529381573 -0.442113727 0.364734620
1403637008151666432.000000 3.797757149 -11.226910591 -9.720904350 -0.635650218 -0.520167589 -0.439415395 0.363715082
1403637008651666432.000000 3.753224611 -11.214236259 -9.718747139 -0.638556063 -0.508735538 -0.446926147 0.365638196
1403637009001666560.000000 3.739621639 -11.193608284 -9.740970612 -0.656328082 -0.497539222 -0.425620854 0.374880165
1403637009301666560.000000 3.777474642 -11.175820351 -9.788331032 -0.639806867 -0.516383648 -0.452675283 0.345079899
1403637009601666560.000000 3.805049658 -11.162746429 -9.815088272 -0.608582258 -0.499330521 -0.445743233 0.426156849
1403637009801666560.000000 3.810521603 -11.168154716 -9.820981979 -0.622350693 -0.489066631 -0.449035287 0.414560944
1403637010101666560.000000 3.808484077 -11.165225983 -9.825557709 -0.621975422 -0.489142686 -0.448520988 0.415589809
1403637010401666560.000000 3.807559490 -11.170055389 -9.830164909 -0.622155488 -0.488924742 -0.448189437 0.415934443
