#LBA time[ms],KF opt[#],KF fixed[#],MP[#],Edges[#]
0.014689,3,1,0,420
0.004736,4,1,0,545
0.230756,5,1,0,676
0.331270,6,1,0,1118
0.429800,7,1,0,1646
0.585194,8,1,0,2257
0.430311,9,1,0,2608
0.604395,10,1,0,2969
0.945936,0,0,0,0
79.485363,0,0,0,0
1.392535,0,0,0,0
1.031121,0,0,0,0
1.237109,0,0,0,0
1.607771,0,0,0,0
1.592346,0,0,0,0
1.868447,0,0,0,0
1.967905,0,0,0,0
2.172964,0,0,0,0
2.354247,0,0,0,0
2.517835,0,0,0,0
2.775407,0,0,0,0
4.185798,0,0,0,0
4.353481,0,0,0,0
4.054660,0,0,0,0
4.611853,0,0,0,0
4.391561,0,0,0,0
4.383882,0,0,0,0
3.826080,0,0,0,0
4.452043,0,0,0,0
3.981762,0,0,0,0
3.563419,0,0,0,0
3.753247,0,0,0,0
4.018948,0,0,0,0
5.412474,0,0,0,0
4.305512,0,0,0,0
5.710399,0,0,0,0
4.492043,0,0,0,0
6.998485,0,0,0,0
4.513771,0,0,0,0
6.944884,0,0,0,0
5.482812,0,0,0,0
5.617630,3,1,0,507
6.919348,4,1,0,653
0.005216,5,1,0,804
0.004256,6,1,0,937
0.432615,7,1,0,1080
0.581418,8,1,0,1210
0.765485,9,1,0,1364
0.855054,10,1,0,1502
0.946224,0,0,0,0
1.048913,3,1,0,481
1.206485,4,1,0,632
44.944497,5,1,0,773
1.399735,6,1,0,917
0.005920,7,1,0,1046
0.004672,8,1,0,1172
0.324293,9,1,0,1309
0.570570,10,1,0,1428
0.683372,0,0,0,0
0.882383,3,1,0,678
0.913519,4,1,0,1055
0.957904,5,1,0,1382
1.137459,6,1,0,2095
58.923867,7,1,0,2720
1.412888,8,1,0,3246
0.005440,9,1,0,3868
0.004544,10,1,0,4512
0.563498,0,0,0,0
0.798317,0,0,0,0
1.596347,0,0,0,0
1.316246,0,0,0,0
1.324054,0,0,0,0
1.445240,0,0,0,0
1.612603,0,0,0,0
112.630815,0,0,0,0
1.490873,0,0,0,0
1.867071,0,0,0,0
1.894688,0,0,0,0
2.108036,0,0,0,0
2.400361,0,0,0,0
2.590700,0,0,0,0
2.869136,0,0,0,0
3.052756,0,0,0,0
2.962065,0,0,0,0
3.492314,0,0,0,0
3.806752,0,0,0,0
5.328281,0,0,0,0
5.116213,0,0,0,0
5.371898,0,0,0,0
5.580094,0,0,0,0
5.413275,0,0,0,0
5.367354,0,0,0,0
4.098437,0,0,0,0
4.455275,0,0,0,0
7.936485,0,0,0,0
4.654990,0,0,0,0
7.087447,0,0,0,0
6.054725,0,0,0,0
4.730351,0,0,0,0
4.066565,0,0,0,0
5.128310,0,0,0,0
3.067316,0,0,0,0
3.435609,0,0,0,0
6.594351,0,0,0,0
3.437145,0,0,0,0
3.279063,0,0,0,0
6.322218,0,0,0,0
6.698224,0,0,0,0
5.499740,0,0,0,0
7.069718,0,0,0,0
5.868067,0,0,0,0
8.731571,0,0,0,0
5.556605,0,0,0,0
7.072182,0,0,0,0
5.988452,0,0,0,0
7.380124,0,0,0,0
6.198888,0,0,0,0
6.137511,0,0,0,0
6.007781,0,0,0,0
4.445290,0,0,0,0
5.811329,0,0,0,0
6.551662,0,0,0,0
6.227145,0,0,0,0
6.104902,0,0,0,0
4.441195,0,0,0,0
8.672690,0,0,0,0
7.573758,0,0,0,0
4.912467,0,0,0,0
7.570527,0,0,0,0
5.540861,0,0,0,0
8.153097,0,0,0,0
9.721538,0,0,0,0
7.859300,0,0,0,0
9.615841,0,0,0,0
6.869139,0,0,0,0
5.660927,0,0,0,0
7.699841,0,0,0,0
7.848771,0,0,0,0
9.762532,0,0,0,0
5.468604,0,0,0,0
8.831444,0,0,0,0
8.542319,0,0,0,0
7.314586,0,0,0,0
8.338092,0,0,0,0
9.026615,0,0,0,0
8.096360,0,0,0,0
9.334973,0,0,0,0
8.134952,0,0,0,0
8.725938,0,0,0,0
8.352684,0,0,0,0
11.395422,0,0,0,0
14.106348,0,0,0,0
12.931193,0,0,0,0
13.019130,0,0,0,0
11.284061,0,0,0,0
12.925272,0,0,0,0
12.361967,0,0,0,0
12.809142,0,0,0,0
7.984582,0,0,0,0
13.928489,0,0,0,0
8.631952,0,0,0,0
11.918440,0,0,0,0
11.769093,0,0,0,0
8.303852,0,0,0,0
10.532304,0,0,0,0
11.331933,0,0,0,0
10.973432,0,0,0,0
10.405007,0,0,0,0
10.057352,0,0,0,0
15.014235,0,0,0,0
12.683765,0,0,0,0
9.335036,0,0,0,0
10.307565,0,0,0,0
5.663327,0,0,0,0
6.004485,0,0,0,0
11.062873,0,0,0,0
9.897765,0,0,0,0
10.591666,0,0,0,0
9.067384,0,0,0,0
6.053382,0,0,0,0
5.149462,0,0,0,0
9.802692,0,0,0,0
11.423200,0,0,0,0
9.730723,0,0,0,0
7.220665,0,0,0,0
9.046040,0,0,0,0
9.469311,0,0,0,0
9.067352,0,0,0,0
5.407642,0,0,0,0
9.209082,0,0,0,0
8.853012,0,0,0,0
6.736945,0,0,0,0
9.275035,0,0,0,0
7.637664,0,0,0,0
4.913330,0,0,0,0
10.006536,0,0,0,0
9.453310,0,0,0,0
11.422048,0,0,0,0
8.567152,0,0,0,0
8.649041,0,0,0,0
7.454141,0,0,0,0
10.263564,0,0,0,0
11.670724,0,0,0,0
9.378813,0,0,0,0
8.476942,0,0,0,0
5.774305,0,0,0,0
7.308858,0,0,0,0
9.179066,0,0,0,0
9.166170,0,0,0,0
6.557134,0,0,0,0
10.780725,0,0,0,0
8.932630,0,0,0,0
9.462271,0,0,0,0
11.541889,0,0,0,0
10.236748,0,0,0,0
10.252716,0,0,0,0
10.478832,0,0,0,0
12.111050,0,0,0,0
4.373161,0,0,0,0
5.806465,0,0,0,0
4.506060,0,0,0,0
8.513487,0,0,0,0
3.978402,0,0,0,0
7.424540,0,0,0,0
7.207257,0,0,0,0
5.937635,0,0,0,0
7.287067,0,0,0,0
7.957189,0,0,0,0
9.936423,0,0,0,0
6.782833,0,0,0,0
6.232840,0,0,0,0
6.757905,0,0,0,0
9.268475,0,0,0,0
8.345932,0,0,0,0
8.528079,0,0,0,0
6.254889,0,0,0,0
9.148186,0,0,0,0
9.780452,0,0,0,0
10.817205,0,0,0,0
8.121192,0,0,0,0
6.471660,0,0,0,0
9.849221,0,0,0,0
6.372395,0,0,0,0
7.679968,0,0,0,0
6.359850,0,0,0,0
9.496255,0,0,0,0
6.393035,0,0,0,0
6.247369,0,0,0,0
14.093132,0,0,0,0
9.844965,0,0,0,0
6.835506,0,0,0,0
8.503502,0,0,0,0
8.154761,0,0,0,0
7.348604,0,0,0,0
7.863044,0,0,0,0
9.613857,0,0,0,0
12.167628,0,0,0,0
7.240825,0,0,0,0
13.076923,0,0,0,0
11.111578,0,0,0,0
9.933734,0,0,0,0
11.515041,0,0,0,0
9.711939,0,0,0,0
11.375967,0,0,0,0
9.956423,0,0,0,0
10.537457,0,0,0,0
10.632178,0,0,0,0
13.490722,0,0,0,0
10.262092,0,0,0,0
13.715846,0,0,0,0
11.928872,0,0,0,0
10.291245,0,0,0,0
11.940808,0,0,0,0
12.036297,0,0,0,0
12.717717,0,0,0,0
9.294268,0,0,0,0
13.143324,0,0,0,0
12.821847,0,0,0,0
9.576193,0,0,0,0
13.607972,0,0,0,0
14.116877,0,0,0,0
13.146652,0,0,0,0
13.185757,0,0,0,0
9.915846,0,0,0,0
15.526532,0,0,0,0
10.165451,0,0,0,0
12.462960,0,0,0,0
14.373969,0,0,0,0
10.575505,0,0,0,0
12.648660,0,0,0,0
13.765734,0,0,0,0
14.541555,0,0,0,0
13.320671,0,0,0,0
14.888762,0,0,0,0
14.981819,0,0,0,0
17.177152,0,0,0,0
15.337089,0,0,0,0
14.603764,0,0,0,0
18.823483,0,0,0,0
10.706003,0,0,0,0
13.685253,0,0,0,0
14.190029,0,0,0,0
13.566179,0,0,0,0
13.858856,0,0,0,0
18.067726,0,0,0,0
16.855386,0,0,0,0
22.909952,0,0,0,0
15.346337,0,0,0,0
16.205615,0,0,0,0
15.475171,0,0,0,0
19.681066,0,0,0,0
19.425989,0,0,0,0
14.486003,0,0,0,0
21.817006,0,0,0,0
16.706487,0,0,0,0
17.657928,0,0,0,0
14.583700,0,0,0,0
20.708506,0,0,0,0
17.958381,0,0,0,0
16.153358,0,0,0,0
16.978365,0,0,0,0
18.254258,0,0,0,0
14.086156,0,0,0,0
19.243298,0,0,0,0
16.217136,0,0,0,0
17.154975,0,0,0,0
23.534922,0,0,0,0
17.563334,0,0,0,0
18.520854,0,0,0,0
19.057568,0,0,0,0
17.697960,0,0,0,0
12.180396,0,0,0,0
12.658004,0,0,0,0
14.585493,0,0,0,0
15.912139,0,0,0,0
18.011501,0,0,0,0
19.283875,0,0,0,0
15.438275,0,0,0,0
16.562069,0,0,0,0
12.268526,0,0,0,0
17.809898,0,0,0,0
16.961084,0,0,0,0
12.580051,0,0,0,0
18.991966,0,0,0,0
16.298961,0,0,0,0
18.240017,0,0,0,0
11.907175,0,0,0,0
12.538770,0,0,0,0
20.865566,0,0,0,0
13.314847,0,0,0,0
21.377830,0,0,0,0
24.105364,0,0,0,0
29.315147,0,0,0,0
26.825505,0,0,0,0
21.026529,0,0,0,0
20.118289,0,0,0,0
22.871999,0,0,0,0
18.651928,0,0,0,0
20.485111,0,0,0,0
24.079251,0,0,0,0
21.284676,0,0,0,0
19.398885,0,0,0,0
16.815258,0,0,0,0
27.355466,0,0,0,0
22.474616,0,0,0,0
15.437539,0,0,0,0
15.419138,0,0,0,0
14.908570,0,0,0,0
18.253330,0,0,0,0
18.555703,0,0,0,0
16.644983,0,0,0,0
16.607862,0,0,0,0
17.055869,0,0,0,0
16.964604,0,0,0,0
19.969006,0,0,0,0
20.934366,0,0,0,0
24.251766,0,0,0,0
23.735854,0,0,0,0
21.031200,0,0,0,0
21.206435,0,0,0,0
24.892769,0,0,0,0
23.498569,0,0,0,0
27.394826,0,0,0,0
28.301210,0,0,0,0
27.709296,0,0,0,0
30.858885,0,0,0,0
26.731584,0,0,0,0
24.855232,0,0,0,0
24.272567,0,0,0,0
26.391418,0,0,0,0
26.617822,0,0,0,0
26.253784,0,0,0,0
24.101140,0,0,0,0
28.124279,0,65535,1069153167,1080093978
25.228839,68,1270134768,536870912,-1206714011
20.894174,0,65535,1070786740,1080146805
14.595988,-1268125900,5,0,1988191901
21.232323,65520,1064757305,1072588287,1080163847
15.460963,1268600528,1266090912,-1073741824,-1676205477
20.780540,65535,65535,1072658709,1080099777
19.935789,0,656,0,855145169
