#LBA time[ms],KF opt[#],KF fixed[#],MP[#],Edges[#]
0.008353,3,1,0,701
0.001990,4,1,0,904
0.322453,5,1,0,1140
0.534521,6,1,0,1356
0.987830,7,1,0,1553
0.458508,8,1,0,1745
1.308624,9,1,0,1960
1.845070,10,1,0,2148
1.054513,0,0,0,0
54.084961,3,1,0,825
1.823079,4,1,0,1193
0.002820,5,1,0,1510
0.002663,6,1,0,1860
0.179273,7,1,0,1884
0.688997,8,1,0,1901
0.687621,9,1,0,2301
0.490857,10,1,0,2743
0.944922,0,0,0,0
1.230868,0,0,0,0
1.194064,0,0,0,0
52.995167,0,0,0,0
0.919157,0,0,0,0
1.145917,0,0,0,0
1.245411,0,0,0,0
1.165907,0,0,0,0
1.039508,0,0,0,0
1.478922,0,0,0,0
1.761858,0,0,0,0
1.603802,0,0,0,0
1.885092,0,0,0,0
2.308427,0,0,0,0
2.160562,0,0,0,0
2.881051,0,0,0,0
2.832732,0,0,0,0
3.157850,0,0,0,0
2.764975,0,0,0,0
2.988691,0,0,0,0
2.498253,0,0,0,0
2.868285,3,1,0,605
2.851582,4,1,0,794
2.602721,5,1,0,1013
2.766110,6,1,0,1257
0.001671,7,1,0,1471
0.002647,8,1,0,1676
0.351432,9,1,0,1885
0.388851,10,1,0,2109
0.745252,0,0,0,0
1.018689,3,1,0,860
1.202394,4,1,0,1075
1.697548,5,1,0,1331
1.030494,6,1,0,1598
50.256681,7,1,0,1885
1.034632,8,1,0,2163
0.002834,9,1,0,2413
0.002533,10,1,0,2605
0.192857,0,0,0,0
0.292342,3,1,0,561
0.852974,4,1,0,869
1.105711,5,1,0,1178
1.857637,6,1,0,1503
1.688628,7,1,0,1948
2.199822,8,1,0,2367
55.691921,9,1,0,2749
1.618717,10,1,0,3052
0.003307,0,0,0,0
0.003043,0,0,0,0
0.343612,0,0,0,0
0.485602,0,0,0,0
0.646180,0,0,0,0
1.140648,0,0,0,0
0.912497,0,0,0,0
0.907747,0,0,0,0
1.127542,0,0,0,0
47.477325,0,0,0,0
1.115748,0,0,0,0
0.961581,0,0,0,0
1.337785,0,0,0,0
1.379015,0,0,0,0
1.358349,0,0,0,0
1.310317,0,0,0,0
1.367747,0,0,0,0
1.844024,0,0,0,0
1.684918,0,0,0,0
2.338694,0,0,0,0
2.349628,0,0,0,0
2.335806,0,0,0,0
3.027128,0,0,0,0
2.382538,0,0,0,0
2.405385,0,0,0,0
3.591166,0,0,0,0
5.695331,0,0,0,0
2.456310,0,0,0,0
3.179626,0,0,0,0
3.713553,0,0,0,0
2.512895,0,0,0,0
3.232002,0,0,0,0
2.141779,0,0,0,0
4.091428,0,0,0,0
2.350992,0,0,0,0
4.043010,0,0,0,0
2.812039,0,0,0,0
2.522341,0,0,0,0
5.191913,0,0,0,0
1.819172,0,0,0,0
3.405935,0,0,0,0
3.464906,0,0,0,0
1.383433,0,0,0,0
2.806816,0,0,0,0
2.638368,0,0,0,0
2.215631,0,0,0,0
2.172233,0,0,0,0
1.736664,0,0,0,0
2.940950,0,0,0,0
1.504782,0,0,0,0
2.505248,0,0,0,0
1.732193,0,0,0,0
3.847903,0,0,0,0
3.519676,0,0,0,0
3.281397,0,0,0,0
2.717270,0,0,0,0
2.868914,0,0,0,0
3.634286,0,0,0,0
1.931569,0,0,0,0
2.240493,0,0,0,0
3.444157,0,0,0,0
2.925458,0,0,0,0
2.602717,0,0,0,0
2.591068,0,0,0,0
2.763034,0,0,0,0
3.777300,0,0,0,0
2.394652,0,0,0,0
3.361325,0,0,0,0
3.074583,0,0,0,0
3.023780,0,0,0,0
3.674221,0,0,0,0
1.764914,0,0,0,0
2.663100,0,0,0,0
3.361771,0,0,0,0
1.922291,0,0,0,0
3.018134,0,0,0,0
2.799442,0,0,0,0
2.635435,0,0,0,0
3.140332,0,0,0,0
5.124945,0,0,0,0
2.353739,0,0,0,0
2.778533,0,0,0,0
2.077694,0,0,0,0
3.677401,0,0,0,0
4.067443,0,0,0,0
4.138651,0,0,0,0
2.861018,0,0,0,0
3.147391,0,0,0,0
3.710426,0,0,0,0
2.354699,0,0,0,0
2.739329,0,0,0,0
4.415978,0,0,0,0
3.934512,0,0,0,0
4.331978,0,0,0,0
3.179725,0,0,0,0
3.449594,0,0,0,0
2.986259,0,0,0,0
3.789027,0,0,0,0
5.672649,0,0,0,0
4.152751,0,0,0,0
7.177847,0,0,0,0
5.888311,0,0,0,0
5.495124,0,0,0,0
6.070134,0,0,0,0
7.121583,0,0,0,0
6.666519,0,0,0,0
5.255668,0,0,0,0
5.302184,0,0,0,0
5.573587,0,0,0,0
5.221748,0,0,0,0
5.317129,0,0,0,0
5.204227,0,0,0,0
4.956054,0,0,0,0
5.461742,0,0,0,0
7.220344,0,0,0,0
4.918164,0,0,0,0
5.561703,0,0,0,0
6.138829,0,0,0,0
8.286494,0,0,0,0
6.775469,0,0,0,0
5.847963,0,0,0,0
7.395619,0,0,0,0
5.231663,0,0,0,0
4.712599,0,0,0,0
8.384763,0,0,0,0
5.206948,0,0,0,0
6.998629,0,0,0,0
5.339223,0,0,0,0
8.516511,0,0,0,0
5.042687,0,0,0,0
8.368844,0,0,0,0
9.629233,0,0,0,0
9.329544,0,0,0,0
11.142498,0,0,0,0
8.176026,0,0,0,0
6.865542,0,0,0,0
7.989281,0,0,0,0
10.139520,0,0,0,0
7.934662,0,0,0,0
10.285050,0,0,0,0
8.584968,0,0,0,0
7.824249,0,0,0,0
9.764117,0,0,0,0
12.115372,0,0,0,0
8.156259,0,0,0,0
7.978626,0,0,0,0
7.255903,0,0,0,0
10.735561,0,0,0,0
8.562443,0,0,0,0
7.779197,0,0,0,0
10.472362,0,0,0,0
6.938993,0,0,0,0
8.917512,0,0,0,0
7.862527,0,0,0,0
11.806550,0,0,0,0
9.578934,0,0,0,0
8.649242,0,0,0,0
10.945347,0,0,0,0
7.336730,0,0,0,0
11.022126,0,0,0,0
10.760884,0,0,0,0
10.977864,0,0,0,0
13.326384,0,0,0,0
10.924353,0,0,0,0
11.116353,0,0,0,0
11.010519,0,0,0,0
10.589866,0,0,0,0
10.051976,0,0,0,0
11.996118,0,0,0,0
12.252383,0,0,0,0
14.027524,0,0,0,0
13.649492,0,0,0,0
12.566291,0,0,0,0
11.079849,0,0,0,0
11.562769,0,0,0,0
13.761817,0,0,0,0
12.746542,0,0,0,0
13.167207,0,0,0,0
14.974976,0,0,0,0
12.279827,0,0,0,0
11.602238,0,0,0,0
11.204942,0,0,0,0
11.449928,0,0,0,0
9.359882,0,0,0,0
11.740798,0,0,0,0
10.246483,0,0,0,0
10.528418,0,0,0,0
10.032013,0,0,0,0
10.510392,0,0,0,0
9.276931,0,0,0,0
5.897117,0,0,0,0
7.918826,0,0,0,0
8.019829,0,0,0,0
9.283736,0,0,0,0
8.898106,0,0,0,0
9.198342,0,0,0,0
8.440830,0,0,0,0
6.886937,0,0,0,0
8.954144,0,0,0,0
7.620138,0,0,0,0
10.456077,0,0,0,0
9.962036,0,0,0,0
10.360206,0,0,0,0
9.679772,0,0,0,0
11.489555,0,0,0,0
12.383103,0,0,0,0
8.268978,0,0,0,0
7.653044,0,0,0,0
10.898534,0,0,0,0
9.010135,0,0,0,0
10.067030,0,0,0,0
9.593574,0,0,0,0
11.140309,0,0,0,0
10.435555,0,0,0,0
9.595973,0,0,0,0
8.653986,0,0,0,0
12.602536,0,0,0,0
8.283145,0,0,0,0
10.320551,0,0,0,0
16.626764,0,0,0,0
11.385343,0,0,0,0
8.487548,0,0,0,0
9.034392,0,0,0,0
9.636506,0,0,0,0
9.471999,0,0,0,0
11.543207,0,0,0,0
10.245538,0,0,0,0
11.100328,0,0,0,0
11.059034,0,0,0,0
7.843621,0,0,0,0
6.882385,0,0,0,0
7.738598,0,0,0,0
9.359922,0,0,0,0
5.056238,0,0,0,0
6.607584,0,0,0,0
6.689003,0,0,0,0
7.389505,0,0,0,0
8.764194,0,0,0,0
7.753837,0,0,0,0
5.955545,0,0,0,0
7.623077,0,0,0,0
7.083479,0,0,0,0
8.033982,0,0,0,0
8.925911,0,0,0,0
7.020723,0,0,0,0
8.685039,0,0,0,0
8.557636,0,0,0,0
8.932242,0,0,0,0
10.184019,0,0,0,0
7.129199,0,0,0,0
6.827793,0,0,0,0
10.524574,0,0,0,0
11.978278,0,0,0,0
9.200147,0,0,0,0
9.089260,0,0,0,0
12.584235,0,0,0,0
10.497334,0,0,0,0
9.829661,0,0,0,0
8.635193,0,0,0,0
11.002536,0,0,0,0
12.809051,0,0,0,0
13.866752,0,0,0,0
10.972336,0,0,0,0
10.080370,0,0,0,0
9.242700,0,0,0,0
10.770089,0,0,0,0
8.944942,0,0,0,0
7.900236,0,0,0,0
9.958195,0,0,0,0
9.764182,0,0,0,0
7.366790,0,0,0,0
9.728675,0,0,0,0
7.614608,0,0,0,0
7.954857,0,0,0,0
8.370057,0,0,0,0
7.879330,0,0,0,0
10.356731,0,0,0,0
4.939165,0,0,0,0
7.765691,0,0,0,0
7.899146,0,0,0,0
7.215893,0,0,0,0
8.988731,0,0,0,0
7.804521,0,0,0,0
6.643763,0,0,0,0
6.616177,0,0,0,0
6.796401,0,0,0,0
5.444856,0,0,0,0
7.522684,0,0,0,0
9.060179,0,0,0,0
8.886087,0,0,0,0
8.829971,0,0,0,0
8.334121,0,0,0,0
6.910332,0,0,0,0
8.746524,0,0,0,0
7.418635,0,0,0,0
5.777161,0,0,0,0
7.570843,0,0,0,0
7.556043,0,0,0,0
7.673635,0,0,0,0
6.396620,0,0,0,0
10.999292,0,0,0,0
8.428723,0,0,0,0
8.873560,0,0,0,0
7.243323,0,0,0,0
12.044911,0,0,0,0
13.241229,0,0,0,0
7.647137,0,0,0,0
10.808395,0,0,0,0
11.552112,0,0,0,0
12.611651,0,0,0,0
10.157480,0,0,0,0
9.787129,0,0,0,0
12.876242,0,0,0,0
9.118766,0,0,0,0
11.843817,0,0,0,0
7.738841,0,0,0,0
10.353751,0,0,0,0
11.203036,0,0,0,0
11.176850,0,0,0,0
10.025958,0,0,0,0
10.403607,0,0,0,0
10.485214,0,0,0,0
10.165733,0,0,0,0
13.629797,0,0,0,0
11.509552,0,0,0,0
11.881209,0,0,0,0
11.372694,0,0,0,0
10.716621,0,0,0,0
13.077190,0,0,0,0
10.211941,0,0,0,0
13.630629,0,0,0,0
15.674715,0,0,0,0
16.969250,0,0,0,0
13.845337,0,0,0,0
14.639632,0,0,0,0
17.383433,0,0,0,0
18.270504,0,0,0,0
14.398907,0,0,0,0
17.482942,0,0,0,0
16.284882,0,0,0,0
15.805169,0,0,0,0
13.131678,0,0,0,0
7.615804,0,0,0,0
9.843643,0,0,0,0
14.291732,0,0,0,0
11.676418,0,0,0,0
9.028086,0,0,0,0
9.975935,0,0,0,0
10.871339,0,0,0,0
11.533296,0,0,0,0
13.015321,0,0,0,0
15.265544,0,0,0,0
12.914549,0,0,0,0
15.274080,0,0,0,0
12.453874,0,0,0,0
10.332287,0,0,0,0
12.769929,0,0,0,0
11.040169,0,0,0,0
13.199273,0,0,0,0
8.932534,0,0,0,0
11.047124,0,0,0,0
12.300615,0,0,0,0
14.121133,0,0,0,0
9.656284,0,0,0,0
13.189742,0,0,0,0
26.801339,0,0,0,0
17.875260,0,0,0,0
14.883495,0,0,0,0
17.091033,0,0,0,0
20.777648,0,0,0,0
17.665861,0,0,0,0
11.263453,0,0,0,0
16.102492,0,0,0,0
15.343981,0,0,0,0
15.326283,0,0,0,0
16.347730,0,0,0,0
9.991516,0,0,0,0
13.523705,0,0,0,0
16.479917,0,0,0,0
13.945925,0,0,0,0
13.528890,0,0,0,0
11.743542,0,0,0,0
14.697339,0,0,0,0
14.925031,0,0,0,0
10.714487,0,0,0,0
15.277985,0,0,0,0
13.946413,0,0,0,0
13.250533,0,0,0,0
20.510557,0,0,0,0
14.316816,0,0,0,0
15.737574,0,0,0,0
19.722112,0,0,0,0
23.656113,0,0,0,0
17.045749,0,0,0,0
12.195253,0,0,0,0
13.876751,0,0,0,0
13.831052,0,0,0,0
10.014772,0,0,0,0
11.282143,0,0,0,0
15.587402,0,0,0,0
12.605648,0,0,0,0
13.160165,0,0,0,0
13.657935,0,0,0,0
12.666864,0,0,0,0
16.976824,0,0,0,0
16.786176,0,0,0,0
12.712321,0,0,0,0
16.544871,0,0,0,0
14.881151,0,0,0,0
17.347601,0,0,0,0
14.800348,0,0,0,0
18.371130,0,0,0,0
14.072177,0,0,0,0
17.378176,0,0,0,0
15.448321,0,0,0,0
12.338995,0,0,0,0
15.172178,0,0,0,0
11.139109,0,0,0,0
15.004373,0,0,0,0
11.367662,0,0,0,0
13.297399,0,0,0,0
9.811311,0,0,0,0
17.692378,0,0,0,0
16.908255,0,0,0,0
16.036367,0,0,0,0
13.616926,0,0,0,0
10.823740,0,0,0,0
12.519013,0,0,0,0
17.613910,0,0,0,0
15.110489,0,0,0,0
13.799095,0,0,0,0
9.348918,0,0,0,0
9.739092,0,0,0,0
7.785634,0,0,0,0
11.279030,0,0,0,0
11.920486,0,0,0,0
14.484420,0,0,0,0
13.142775,0,0,0,0
10.800660,0,0,0,0
10.815642,0,0,0,0
10.631059,0,0,0,0
11.196601,0,0,0,0
8.115349,0,0,0,0
13.216863,0,0,0,0
9.575229,0,0,0,0
12.792821,0,0,0,0
8.695276,0,0,0,0
12.063583,0,0,0,0
10.044894,-343824008,-387978752,107793080,2064
9.378117,-1066279114,30890,-1057165101,0
12.025515,101,85,693,693
10.636477,0,0,0,0
12.943070,0,142,67136,28857
10.749881,30890,163,0,0
10.698460,1872037056,191,268,139
11.965214,30890,542,0,0
9.617422,1871999472,598,1290,702
9.148854,30890,624,0,0
