#Stereo rect[ms], MP culling[ms], MP creation[ms], LBA[ms], KF culling[ms], Total[ms]
8.953073,0.038721,0.440359,0.014976,0.014976,9.457721
9.301847,0.102593,0.795725,0.004192,0.004192,10.208293
9.425177,0.136418,1.547001,0.209827,0.209827,20.602126
9.866944,0.161954,2.340806,0.317765,0.317765,24.962133
10.003330,0.140130,12.704111,0.413351,0.413351,39.640259
5.828607,0.113505,10.064420,0.305957,0.305957,26.900885
9.957218,0.277508,34.307757,0.421959,0.421959,76.632700
12.545996,0.507688,40.356463,1.027312,1.027312,94.952229
9.328983,0.441287,25.710562,0.742412,0.742412,79.412073
14.051204,0.371238,38.575923,84.361081,84.361081,211.110275
14.836561,0.304197,44.140524,1.000720,1.000720,112.373952
11.539099,0.207267,33.624578,1.189747,1.189747,95.860788
16.740240,0.376902,47.183774,1.637562,1.637562,121.892794
16.573165,0.414535,44.207629,1.629562,1.629562,126.670216
13.178134,0.275716,36.297933,1.665755,1.665755,113.164973
13.026611,0.299077,42.810231,1.933311,1.933311,125.389011
12.056964,0.226435,35.807174,2.089794,2.089794,117.994523
13.895201,0.272261,37.824390,2.376742,2.376742,136.238083
13.345977,0.232356,28.806131,2.475336,2.475336,120.837642
15.255287,0.198884,38.727124,2.742925,2.742925,147.421081
13.842912,0.165059,41.343647,2.984656,2.984656,147.874944
25.206362,0.282372,56.831259,4.253861,4.253861,186.384178
24.400364,0.374438,64.839517,4.621291,4.621291,199.175265
16.671054,0.469640,47.411330,4.168387,4.168387,187.931722
23.993638,0.389382,58.894268,4.345158,4.345158,320.897657
13.525019,0.329318,42.800343,4.308326,4.308326,166.080648
24.257642,0.420935,72.502169,4.510633,4.510633,209.104291
25.721185,0.482600,81.433322,4.457704,4.457704,228.766241
14.189991,0.227587,43.755847,3.688700,3.688700,191.212256
25.918853,0.541160,76.395672,3.809310,3.809310,256.972811
20.026182,0.366758,49.874057,4.102211,4.102211,195.169665
17.376122,0.248900,42.011946,4.501385,4.501385,161.150711
14.363882,0.233475,33.998664,5.885184,5.885184,195.983022
28.062056,0.323141,61.960750,3.950912,3.950912,248.865704
26.029447,0.338597,59.923597,6.096003,6.096003,229.886900
30.854453,0.303589,60.059407,5.230773,5.230773,237.189611
13.482395,0.270180,36.989464,6.443753,6.443753,200.404821
12.114053,0.258724,31.138137,8.596363,8.596363,218.575580
19.639967,0.312485,44.503442,4.186436,4.186436,181.750822
17.509693,0.251172,44.649012,5.774078,5.774078,166.838677
18.830482,0.130946,50.609525,6.302759,6.302759,209.501225
9.747294,0.044353,0.485640,0.005440,0.005440,10.286759
9.542043,0.110146,0.887086,0.005056,0.005056,10.548011
7.566587,0.117730,0.780876,0.286597,0.286597,15.331865
9.958722,0.132066,1.677883,0.525833,0.525833,26.503919
10.245831,0.036192,1.911391,0.730700,0.730700,23.402812
10.405097,0.040577,2.457768,0.799341,0.799341,27.748675
10.751791,0.031456,2.817486,0.897006,0.897006,30.629617
10.906385,0.025760,3.196372,1.044177,1.044177,43.785863
11.226102,0.023681,3.776093,1.195411,1.195411,35.124378
11.617372,0.018561,4.209700,49.712807,49.712807,86.907715
11.955042,0.024000,4.688013,1.389110,1.389110,49.912426
12.229446,0.007712,5.198005,1.476024,1.476024,57.514725
9.093332,0.042144,0.502761,0.005024,0.005024,9.647485
9.574460,0.117153,0.944624,0.004480,0.004480,10.644717
9.763870,0.145698,1.227092,0.474823,0.474823,22.527053
10.064036,0.126530,1.620186,0.614026,0.614026,26.497678
10.208422,0.025728,2.043521,0.707851,0.707851,24.894260
10.390568,0.032769,2.520361,0.841678,0.841678,26.430285
10.679565,0.026241,2.858286,0.978096,0.978096,29.662722
10.975954,0.029729,3.248981,0.987056,0.987056,44.391409
11.316504,0.020736,3.506169,1.178515,1.178515,35.707492
11.443001,0.026753,4.057314,43.918920,43.918920,81.058276
12.072356,0.013632,4.532938,1.415575,1.415575,50.997212
9.034579,0.045632,0.511433,0.006080,0.006080,9.604412
9.516954,0.145827,1.400502,0.004672,0.004672,11.072212
9.073651,0.249444,5.553210,0.501128,0.501128,31.600001
8.298887,0.329925,15.699871,0.686507,0.686507,57.155712
11.439898,0.419558,13.883330,0.966416,0.966416,60.108144
11.995106,0.387335,27.799459,1.294389,1.294389,81.911665
12.920626,0.522696,41.415808,1.409111,1.409111,117.235855
14.024292,0.477831,34.940664,1.467256,1.467256,116.054364
15.006804,0.469671,42.231822,1.622938,1.622938,121.531733
16.200903,0.434055,50.051885,103.664787,103.664787,244.144091
10.913265,0.294629,36.560434,1.401014,1.401014,122.492965
12.317032,0.386118,41.511202,1.722364,1.722364,140.164099
12.248871,0.373446,40.587443,2.118178,2.118178,123.997917
12.154693,0.323813,35.843814,2.294821,2.294821,121.388402
12.189926,0.364902,37.430720,2.419239,2.419239,127.766618
12.297767,0.367398,36.253197,2.642507,2.642507,132.938734
11.917441,0.303045,33.839974,2.864751,2.864751,142.004513
10.941073,0.278629,31.230779,2.731148,2.731148,137.769308
11.654301,0.462247,43.410945,3.386711,3.386711,163.732194
15.630558,0.476072,46.242479,3.111058,3.111058,184.811928
15.420250,0.471976,40.957176,3.440023,3.440023,187.633509
19.737312,0.470472,70.873503,5.406296,5.406296,242.037241
14.980243,0.505673,45.530179,4.775661,4.775661,188.083181
12.846097,0.438663,42.906200,4.729901,4.729901,359.225160
8.892721,0.440103,28.932277,5.502457,5.502457,159.533470
15.286008,0.707499,51.388738,5.181268,5.181268,224.547997
8.247110,0.494152,22.683984,5.290454,5.290454,150.005699
14.529067,0.756845,41.697188,5.424440,5.424440,184.299983
11.430266,0.637898,34.824021,4.303750,4.303750,168.974743
8.270662,0.351302,23.175608,5.812286,5.812286,160.087238
8.359592,0.366854,22.003877,4.709197,4.709197,155.345498
15.980547,0.487912,41.210205,7.259222,7.259222,208.539001
11.669630,0.574409,35.169371,5.318294,5.318294,189.600870
9.276087,0.419846,27.302748,4.385191,4.385191,164.345036
7.721213,0.316165,23.267322,7.884928,7.884928,166.056967
7.623932,0.383014,23.119383,3.616091,3.616091,160.854899
7.505530,0.349541,24.091591,5.732637,5.732637,202.322804
8.181093,0.374438,26.866164,4.825775,4.825775,177.654404
7.041266,0.337638,22.766417,3.693179,3.693179,167.585601
11.732254,0.469448,42.178157,4.810063,4.810063,200.070224
10.863152,0.486600,38.442448,3.498297,3.498297,198.210385
11.331064,0.472936,39.273597,3.368791,3.368791,203.195619
11.122677,0.556905,39.564514,4.758413,4.758413,228.925892
7.921632,0.284325,24.545262,3.659739,3.659739,216.087507
16.021476,0.517640,55.976589,5.634907,5.634907,260.451076
16.707280,0.483207,51.849866,7.209014,7.209014,235.404654
12.169190,0.346341,41.248158,3.827486,3.827486,233.418477
11.852257,0.446823,39.377631,4.027010,4.027010,213.792847
8.209638,0.354021,25.439933,5.420472,5.420472,199.545351
9.103283,0.359686,28.593232,7.730045,7.730045,198.597175
9.164853,0.353029,28.833301,6.818958,6.818958,218.172694
8.512746,0.277957,25.705153,5.624539,5.624539,205.618698
10.333544,0.371046,29.897573,5.933600,5.933600,192.423220
10.513995,0.356902,31.581536,4.386343,4.386343,203.858413
12.005123,0.355686,37.505153,5.741053,5.741053,200.624121
16.607694,0.602409,53.517189,6.180164,6.180164,227.643407
8.741870,0.335749,25.858276,6.352071,6.352071,199.137536
17.100182,0.638122,53.699240,6.320455,6.320455,223.786417
10.579979,0.406887,27.754658,9.794687,9.794687,192.615574
10.705614,0.409127,31.963399,7.909825,7.909825,201.590857
11.298488,0.356933,35.981768,5.392183,5.392183,254.984427
10.032355,0.339685,29.400605,6.331495,6.331495,201.029567
12.191078,0.361285,36.657876,5.010865,5.010865,199.673961
11.528571,0.390599,37.314429,7.749790,7.749790,201.423206
11.994627,0.428647,41.301918,7.494073,7.494073,199.881228
13.249911,0.357606,44.458961,5.426776,5.426776,203.125793
11.770975,0.324197,38.140779,5.229557,5.229557,196.469013
20.390059,0.591561,55.746281,6.897456,6.897456,227.334954
11.141333,0.255364,33.502432,5.411448,5.411448,205.403878
20.845778,0.493672,64.713211,7.851903,7.851903,257.783576
14.631437,0.458760,44.415409,8.383496,8.383496,673.578934
16.446155,0.839150,66.107921,6.348839,6.348839,245.320526
12.237703,0.578185,38.123147,5.420952,5.420952,212.256310
12.885681,0.743980,52.678135,9.345464,9.345464,243.019689
10.745839,0.634378,35.019064,5.939808,5.939808,200.267795
8.968817,0.421831,28.458702,9.933505,9.933505,193.861130
9.193685,0.543881,28.433645,8.158596,8.158596,194.779770
8.379944,0.487080,25.267067,7.411737,7.411737,193.138720
15.944578,0.961904,54.380243,9.529178,9.529178,239.017063
11.621404,1.009425,37.858758,6.835566,6.835566,208.035057
10.721614,0.686667,37.006553,8.114468,8.114468,210.406264
14.620877,1.277365,52.768889,6.980849,6.980849,263.170352
14.633102,1.141714,51.378466,8.177604,8.177604,234.048663
14.428810,1.143410,51.384483,11.977187,11.977187,235.839124
14.892946,1.074961,53.872715,11.703038,11.703038,238.280284
14.753711,1.035665,51.106814,8.882992,8.882992,231.607951
14.158726,0.765996,56.686680,9.751582,9.751582,240.447711
9.135348,0.888239,39.535777,12.592781,12.592781,216.153109
9.975234,1.092850,47.987371,10.057092,10.057092,225.820274
9.026867,0.848813,39.645092,8.704014,8.704014,215.105316
12.546508,1.112210,51.859786,9.881472,9.881472,231.269930
12.798224,0.811533,56.668568,10.909553,10.909553,237.754580
13.042996,0.907086,54.711096,10.332424,10.332424,232.122072
7.004978,0.488647,26.153449,10.755279,10.755279,188.334001
9.332856,0.590985,37.120731,10.797775,10.797775,201.872237
9.223445,0.582826,34.148394,10.037635,10.037635,200.920541
13.511388,0.727275,52.528821,13.784351,13.784351,235.147433
13.545276,1.008017,51.882090,8.024643,8.024643,232.830788
13.333016,0.719500,57.658248,12.578924,12.578924,241.714899
13.848417,0.673867,62.173361,9.147700,9.147700,242.465280
13.619293,0.922479,48.410961,7.909824,7.909824,219.224806
11.262295,0.606761,39.572835,7.502554,7.502554,206.753084
8.206341,0.577001,26.341740,6.766318,6.766318,190.946811
14.777007,0.955120,49.694823,9.184181,9.184181,221.492907
11.391513,0.584809,38.641908,9.412569,9.412569,205.553065
11.098644,0.697611,38.597107,7.245846,7.245846,203.523528
11.893569,0.834669,35.824038,7.198581,7.198581,202.203378
13.478138,0.862478,41.588644,10.854641,10.854641,214.324855
14.812848,0.802125,52.115118,3.990497,3.990497,231.898932
9.817632,0.721515,33.757220,9.283735,9.283735,200.370645
10.806160,0.489575,43.756743,8.958321,8.958321,211.863151
9.366840,0.682219,38.052778,4.330054,4.330054,126.227553
12.007202,0.409031,51.393186,5.546810,5.546810,143.365047
11.586044,0.650378,49.199551,8.117412,8.117412,208.076305
8.887792,0.556233,36.704820,5.657403,5.657403,109.026217
6.872335,0.403559,27.675841,3.904191,3.904191,89.128006
11.942914,0.587881,52.999068,8.454889,8.454889,202.043119
11.757407,0.714892,47.204382,8.467049,8.467049,191.097598
9.675901,0.647691,44.654293,4.743341,4.743341,117.748248
13.093972,0.919631,56.883100,7.449849,7.449849,207.575817
13.219959,1.070385,48.975579,7.014546,7.014546,199.138689
12.794704,1.111378,44.798647,5.452024,5.452024,192.078638
13.956451,1.088177,46.758551,7.859776,7.859776,199.328676
14.542764,1.169107,58.970525,4.260805,4.260805,215.506890
13.090196,0.728428,44.856504,6.114883,6.114883,207.417735
9.946497,0.824461,38.407280,6.847759,6.847759,181.579683
13.002227,0.733068,43.823271,7.379928,7.379928,195.601639
15.457339,0.796813,67.302980,8.477225,8.477225,251.860952
16.048548,0.735596,55.046014,7.211765,7.211765,210.868063
16.536652,0.626762,60.526839,7.511642,7.511642,221.034660
16.773648,0.721292,61.521414,8.743854,8.743854,221.768559
15.464219,0.510024,51.065693,9.194645,9.194645,214.717469
16.984179,0.620010,52.605078,7.489370,7.489370,212.160820
10.858097,0.532872,33.613442,10.256007,10.256007,189.877387
16.754672,0.622378,53.832234,7.183829,7.183829,215.419273
8.813487,0.532137,29.719906,6.065218,6.065218,193.775337
10.236742,0.482152,35.223387,11.030899,11.030899,191.665127
10.950129,0.512649,37.930279,5.299990,5.299990,195.226721
15.237591,0.727980,52.268176,9.798239,9.798239,214.305974
9.173909,0.383942,34.073802,7.575227,7.575227,197.652905
13.082708,0.758733,50.396082,10.481610,10.481610,214.336215
9.367576,0.679467,50.963579,6.795791,6.795791,216.976866
13.712574,0.829198,52.438611,8.751822,8.751822,225.808625
13.642142,0.837005,50.144302,6.412808,6.412808,224.003541
14.432938,0.933199,49.575813,5.894912,5.894912,224.078517
13.574173,0.698923,48.557140,9.936097,9.936097,227.228265
14.881713,0.876782,52.305266,6.883024,6.883024,233.378156
15.049620,0.651178,50.703063,7.419001,7.419001,234.853636
15.490075,0.935184,46.973530,3.855455,3.855455,235.943510
14.926290,1.137426,52.616726,3.825086,3.825086,256.177086
12.275976,0.748972,45.145405,7.052435,7.052435,233.811572
14.833105,0.795853,59.971117,7.716701,7.716701,261.153167
10.623501,0.696971,38.124651,5.437976,5.437976,224.339866
13.981635,0.759852,52.824570,10.167589,10.167589,250.009498
9.337272,0.500808,33.812581,6.203205,6.203205,218.296504
7.564890,0.471752,26.595856,9.993314,9.993314,238.437470
10.820719,0.532073,40.063434,8.185061,8.185061,232.037494
10.998099,0.466983,39.898600,6.654892,6.654892,227.511629
10.980402,0.378470,42.936665,8.708526,8.708526,231.879828
10.397865,0.821005,40.677877,9.009586,9.009586,242.968584
14.399658,0.456263,49.874666,8.420041,8.420041,247.999322
8.446345,0.309605,36.449840,8.121316,8.121316,219.871473
7.372152,0.233476,31.632225,6.042082,6.042082,209.562986
8.252358,0.323685,34.726868,7.315670,7.315670,211.946448
7.850943,0.389447,30.449166,6.787054,6.787054,204.077233
10.039843,0.318789,37.548961,6.150564,6.150564,202.951966
8.129796,0.324869,30.422446,6.207685,6.207685,205.805901
8.313255,0.262308,30.319052,10.371752,10.371752,194.335250
11.288504,0.289636,44.159341,11.253270,11.253270,212.038546
8.204037,0.237700,38.493969,7.977025,7.977025,203.953711
7.887904,0.270469,43.300223,9.799967,9.799967,202.489527
6.635788,0.219972,31.549120,8.464361,8.464361,202.656506
9.144724,0.317766,38.749908,10.372680,10.372680,206.285620
12.674670,0.400934,71.023457,6.379720,6.379720,259.105454
14.812080,0.337702,69.048896,6.548234,6.548234,236.792483
10.219142,0.405159,49.126461,9.096948,9.096948,214.904481
9.637085,0.424615,55.238080,5.746685,5.746685,218.050004
6.592395,0.219684,27.945382,6.561738,6.561738,183.692518
9.108724,0.356198,33.551329,15.304857,15.304857,200.125553
5.567099,0.180899,24.573935,7.698909,7.698909,176.425488
5.200181,0.162402,20.774514,8.481225,8.481225,170.592145
10.162885,0.258308,36.727189,7.771678,7.771678,196.882716
11.611901,0.177923,44.605396,14.907602,14.907602,207.808429
6.499497,0.140291,26.103495,6.796046,6.796046,94.898212
7.573595,0.147394,28.824084,12.045219,12.045219,173.630498
10.308488,0.229636,38.940376,9.177845,9.177845,189.083038
10.006115,0.216611,41.403616,8.745070,8.745070,205.849966
10.493738,0.248676,42.833464,9.264567,9.264567,193.057182
10.245574,0.217028,37.978472,8.935761,8.935761,185.626853
10.309095,0.213955,35.177435,9.414457,9.414457,180.766230
5.401912,0.148642,15.205175,10.218694,10.218694,142.669772
6.240485,0.133282,20.013605,8.928305,8.928305,148.913937
8.730413,0.162691,21.817826,11.863393,11.863393,152.285416
6.906992,0.145699,23.203128,10.147781,10.147781,147.906401
7.242549,0.131010,24.762258,9.236117,9.236117,148.836080
7.982881,0.158563,24.334251,10.083812,10.083812,149.265207
7.165396,0.183779,25.182393,7.228853,7.228853,149.300983
8.036802,0.200739,27.361693,8.979218,8.979218,148.527179
9.372600,0.252228,31.713795,6.733293,6.733293,161.723265
6.298278,0.237732,21.041974,8.502442,8.502442,134.578889
8.288807,0.303717,25.048182,10.250311,10.250311,145.485466
8.008034,0.313285,24.805363,8.928497,8.928497,143.517242
7.814367,0.258404,25.823267,11.490971,11.490971,147.675421
7.619196,0.231748,25.543742,8.816400,8.816400,144.307527
6.971569,0.299493,24.336267,12.262055,12.262055,146.436585
6.610219,0.293541,21.404700,7.466201,7.466201,138.063265
7.253557,0.226052,24.593775,10.232678,10.232678,146.485321
6.763821,0.225636,22.625039,7.318071,7.318071,141.222580
7.663100,0.265476,25.497950,11.342968,11.342968,146.172164
9.423769,0.262564,28.976982,8.309831,8.309831,152.851249
13.676958,0.395174,43.336576,7.398104,7.398104,188.729527
13.117973,0.327558,38.450672,12.671438,12.671438,172.283309
14.034308,0.455495,48.422002,8.825999,8.825999,184.376561
15.431322,0.314757,53.781609,11.772991,11.772991,196.240817
15.130933,0.325670,42.140716,7.617788,7.617788,171.622466
16.722672,0.406630,52.901467,12.247783,12.247783,197.791595
14.603821,0.413799,55.741449,8.635340,8.635340,194.624759
15.167958,0.423879,46.140941,12.651917,12.651917,201.142145
17.654367,0.368038,52.185071,11.502427,11.502427,191.573318
19.096886,0.405959,65.059872,10.941521,10.941521,216.322295
20.988757,0.508776,59.935501,10.646189,10.646189,215.409609
12.298823,0.315557,35.833222,10.089060,10.089060,191.599462
21.759553,0.532073,61.225089,12.955922,12.955922,208.725116
18.550126,0.324677,48.617205,12.493259,12.493259,200.234675
15.328249,0.295525,41.994889,12.487499,12.487499,195.521510
14.338408,0.430023,40.291886,13.658974,13.658974,202.631641
13.142646,0.252900,37.368222,12.179174,12.179174,172.850774
22.016710,0.397190,51.669415,13.043220,13.043220,205.730860
16.693327,0.357062,44.234798,11.645789,11.645789,203.199971
14.451467,0.373382,43.028026,13.089140,13.089140,204.408918
20.910131,0.440583,54.811034,11.714078,11.714078,207.628554
17.211607,0.382054,48.918842,12.802800,12.802800,204.038896
14.889618,0.501544,44.631892,13.088469,13.088469,204.706427
11.147765,0.468359,30.677394,15.263639,15.263639,183.752710
13.297560,0.550377,39.536993,10.336519,10.336519,190.896762
13.728575,0.724204,41.028570,12.714223,12.714223,198.227314
12.130917,0.745804,39.066395,11.002259,11.002259,197.088544
9.442297,0.568457,31.209595,15.698847,15.698847,181.913609
13.561692,0.577930,56.212496,14.653230,14.653230,218.120181
9.482746,0.687211,44.347408,15.525916,15.525916,200.194129
7.915489,0.478951,42.752598,10.538731,10.538731,195.625160
8.661357,0.559273,46.220334,16.229351,16.229351,202.304340
7.905760,0.510024,39.910088,11.596220,11.596220,209.357094
9.084372,0.370470,47.654213,18.475628,18.475628,209.404135
8.997298,0.515240,43.509794,17.360410,17.360410,216.320343
9.024339,0.589801,42.368880,16.310121,16.310121,198.234290
9.792415,0.315461,45.189182,20.514669,20.514669,211.364935
8.125636,0.489224,37.577058,15.693150,15.693150,198.279026
15.503452,0.695947,60.213778,15.360025,15.360025,225.798001
15.737375,0.711084,60.160849,17.205016,17.205016,233.411021
15.444027,0.614410,63.434053,17.687583,17.687583,238.336989
15.827425,0.693995,62.640569,13.139861,13.139861,234.071191
15.570269,0.633930,59.328227,11.606301,11.606301,230.635840
16.219463,0.703339,64.961727,12.599276,12.599276,239.007495
11.503930,0.485032,54.842490,15.638270,15.638270,229.306794
15.350233,0.629930,51.347394,14.287016,14.287016,229.413164
17.348569,0.685931,64.085329,17.193879,17.193879,268.296355
10.873841,0.445767,42.785910,13.438010,13.438010,215.063203
16.611854,0.674347,55.254528,13.097237,13.097237,238.788612
18.653391,0.635146,58.470581,18.161703,18.161703,249.868856
12.028579,0.522729,54.689400,19.184439,19.184439,271.373813
9.714622,0.791917,40.398063,11.055188,11.055188,223.543917
9.247862,0.497992,37.428927,11.710494,11.710494,223.086853
9.345560,0.558633,36.279661,13.026356,13.026356,219.415466
15.597085,1.024560,50.030381,16.337705,16.337705,265.779930
9.327288,0.632906,36.474992,12.148773,12.148773,219.484427
11.667230,0.784109,44.367792,14.311305,14.311305,238.747812
13.321592,0.938447,47.909418,17.104533,17.104533,249.921208
16.208487,1.039953,54.376019,18.272617,18.272617,271.805660
10.200997,0.713004,40.141995,17.949251,17.949251,244.591202
12.611117,0.668362,50.195983,15.651998,15.651998,260.968460
18.241480,0.856238,60.378452,19.799809,19.799809,281.518649
19.445212,0.871374,70.618490,18.052901,18.052901,292.529325
12.538283,0.567498,48.040523,11.344952,11.344952,267.022574
13.142581,0.605386,58.495989,15.137718,15.137718,271.692442
17.619358,0.637899,54.286801,16.992276,16.992276,276.229220
10.910673,0.455784,42.032362,11.675965,11.675965,269.400853
22.010213,0.648555,78.580347,18.701200,18.701200,327.561829
11.904193,0.496936,41.637732,13.728479,13.728479,273.669562
11.193110,0.369990,41.679396,14.268103,14.268103,269.505206
11.715966,0.363398,43.704933,16.798705,16.798705,273.129937
11.591644,0.384902,40.055210,11.482842,11.482842,264.561062
20.864883,0.556553,59.865036,12.906642,12.906642,291.371546
11.024755,0.436135,44.896953,20.043493,20.043493,278.483176
9.912065,0.475016,37.768325,19.938020,19.938020,274.174403
9.117684,0.452039,33.134394,20.745649,20.745649,253.912025
9.208085,0.538153,33.901190,24.121320,24.121320,258.958123
7.587323,0.598218,30.913270,23.578719,23.578719,247.609907
7.850847,0.683979,33.462240,16.516396,16.516396,164.220745
8.563851,0.687083,42.756566,18.346730,18.346730,267.807355
8.834479,0.578281,36.873751,20.801330,20.801330,267.162864
15.037492,0.596809,56.509494,18.121638,18.121638,276.504040
9.503387,0.451911,40.653844,18.542189,18.542189,270.870317
10.360745,0.553577,40.337678,21.172408,21.172408,271.724731
10.648877,0.448679,38.308430,19.769121,19.769121,268.729802
11.459706,0.385030,40.522642,20.738961,20.738961,268.081983
10.948338,0.319845,40.630483,17.735456,17.735456,270.812396
16.643438,0.437351,55.226464,14.233063,14.233063,294.032900
15.417691,0.422438,53.417252,23.267450,23.267450,299.607584
14.777488,0.382054,50.155919,15.701727,15.701727,297.513758
14.720719,0.340069,51.503396,21.876739,21.876739,302.851635
14.263911,0.355398,50.918842,24.948885,24.948885,308.701490
14.393610,0.400774,47.378785,24.243593,24.243593,305.253435
14.290344,0.349286,47.480418,20.577870,20.577870,300.448717
23.549374,0.438055,64.692986,13.557276,13.557276,340.809276
25.982341,0.455432,78.031890,21.599263,21.599263,356.881665
26.237834,0.399911,71.817613,20.050950,20.050950,339.802700
13.438650,0.310757,43.838663,15.928802,15.928802,283.318902
28.669425,0.439783,78.263703,16.085573,16.085573,356.143669
27.553759,0.319206,62.059375,18.766192,18.766192,314.083658
31.319997,0.419175,86.059637,18.816561,18.816561,348.253557
21.500477,0.349446,54.183183,19.145271,19.145271,299.217241
20.551374,0.324069,53.154591,20.200584,20.200584,301.944037
20.323530,0.303493,51.828809,24.748049,24.748049,307.385853
34.267116,0.490728,75.042530,25.176920,25.176920,352.735805
18.693072,0.298213,51.748712,23.723585,23.723585,306.842485
34.245771,0.459304,82.490203,22.608431,22.608431,368.009845
35.940007,0.453703,89.707792,25.657633,25.657633,367.184040
32.135306,0.435175,68.943871,20.265705,20.265705,331.161408
20.727728,0.345126,51.500804,16.063397,16.063397,294.170631
23.781250,0.430567,56.537238,19.212408,19.212408,304.859253
18.261672,0.349094,40.168588,18.262056,18.262056,281.945888
27.180409,0.437319,52.454355,20.252169,20.252169,299.856611
29.613505,0.507304,65.836141,19.411099,19.411099,334.506614
14.678542,0.196003,33.238427,27.538239,27.538239,263.284273
25.562399,0.281956,59.168705,26.111111,26.111111,300.989525
14.152901,0.320038,32.262411,25.208921,25.208921,251.872376
10.881073,0.262980,26.738386,21.304441,21.304441,150.345961
9.699646,0.091553,23.811459,18.307785,18.307785,141.566298
15.166550,0.398982,50.609366,20.801906,20.801906,200.986334
13.819008,0.287845,47.470722,11.568060,11.568060,166.878645
11.747839,0.332293,45.870665,16.187559,16.187559,181.998058
12.827728,0.215171,47.003259,8.938481,8.938481,162.313610
13.346841,0.357382,49.879690,18.050501,18.050501,171.657219
13.327352,0.238692,48.977115,16.460747,16.460747,147.273079
13.108117,0.265828,54.694872,14.992659,14.992659,163.786914
