1403715528412143104.000000 0.394041181 -0.596645892 0.251684725 -0.516064882 -0.640911937 -0.368586272 0.432496339
1403715529912143104.000000 0.151992589 -0.490458518 0.577798843 -0.449229091 -0.691016495 -0.319858700 0.467311293
1403715531962142976.000000 -0.886387289 -0.295004249 1.229573607 -0.389065266 -0.712642550 -0.273472458 0.515734136
1403715532312143104.000000 -0.993852258 -0.224383503 1.221364617 -0.382284373 -0.710540891 -0.278941840 0.520751238
1403715532712143104.000000 -1.068627000 -0.196782321 1.201459050 -0.399251550 -0.701918125 -0.235163406 0.540931880
1403715534912143104.000000 1.311280966 0.126626000 1.181981683 -0.560020804 -0.622919559 -0.370047569 0.401762187
1403715537712143104.000000 2.664806843 2.163631201 0.946054339 -0.525920749 -0.611782491 -0.367468119 0.462705970
1403715540112143104.000000 1.999930739 -0.329181015 0.731336594 -0.788553357 -0.305867225 -0.480837792 0.231136382
1403715543012143104.000000 4.658501148 -0.371343523 1.198797345 -0.679268658 -0.430647016 -0.499107987 0.322534561
1403715543562142976.000000 4.777687073 -0.293887556 1.110160351 -0.674620569 -0.418499231 -0.511228263 0.329228193
1403715545162142976.000000 3.913023233 -0.996273220 0.662121654 -0.795040607 -0.143496379 -0.580680907 0.100642681
1403715545412143104.000000 3.644068241 -1.116990089 0.663159430 -0.807478726 -0.106220938 -0.574112177 0.084204771
1403715546762142976.000000 2.342904806 -2.013426304 0.747013986 -0.726811051 -0.406432211 -0.486920834 0.263565302
1403715547162142976.000000 2.025178671 -2.213026285 0.780899346 -0.644535005 -0.555916846 -0.410285145 0.327410102
1403715547512143104.000000 1.760221004 -2.238572359 0.807560921 -0.560634136 -0.650415421 -0.352613211 0.371904701
1403715547762142976.000000 1.529968381 -2.167628527 0.819121242 -0.496226430 -0.708673060 -0.307907045 0.395897865
1403715548012143104.000000 1.248678803 -2.024584770 0.839583933 -0.430036902 -0.740446329 -0.274679333 0.437445849
1403715548312143104.000000 0.866244256 -1.783486605 0.858508945 -0.381747931 -0.732688308 -0.285963923 0.485449404
1403715548812143104.000000 0.182960227 -1.397591352 0.758117259 -0.399536133 -0.721821249 -0.285142988 0.487891883
1403715549012143104.000000 -0.095538378 -1.257731080 0.714382887 -0.403450370 -0.717073739 -0.285262525 0.491587728
1403715549762142976.000000 -0.997511029 -0.854927838 0.599770963 -0.410939753 -0.704365015 -0.226046205 0.532824278
1403715550262142976.000000 -1.216917753 -0.543974996 0.585988343 -0.533608854 -0.631157517 -0.286958784 0.484310210
1403715550512143104.000000 -1.166617990 -0.343403816 0.674264193 -0.579587579 -0.591215789 -0.352143705 0.436505377
1403715550712143104.000000 -1.083518386 -0.173649758 0.723039687 -0.624242067 -0.541137516 -0.387079448 0.409465015
1403715550912143104.000000 -0.976729989 -0.008373380 0.726833701 -0.675058186 -0.477487594 -0.401431829 0.393896490
1403715551112143104.000000 -0.821539164 0.146770060 0.715323389 -0.710850358 -0.423473358 -0.430289745 0.360850126
1403715551312143104.000000 -0.606391907 0.282690048 0.750459254 -0.740874171 -0.362785071 -0.458502889 0.330556631
1403715551562142976.000000 -0.269480497 0.406958610 0.813313127 -0.772201002 -0.279157907 -0.491841346 0.289600790
1403715551862142976.000000 0.199507341 0.462860227 0.887184322 -0.773718536 -0.192627847 -0.563994646 0.214858308
1403715552162142976.000000 0.626560390 0.415375710 0.945386231 -0.775711775 -0.112944469 -0.607084453 0.130243272
1403715552412143104.000000 0.900538564 0.307488412 0.989112258 -0.769808590 -0.043251254 -0.634259343 0.056914356
1403715552762142976.000000 1.101010561 0.132367164 1.051774859 0.760648072 -0.104216382 0.640233815 0.025575330
1403715554262142976.000000 -0.303326547 -0.821825743 0.890006900 0.721169233 -0.475454360 0.422745198 0.274125367
1403715556212143104.000000 0.681641579 -0.118278705 1.065889955 0.679099739 -0.476197213 0.526082575 0.187874928
1403715558662142976.000000 0.573330522 -1.965215206 1.243848801 0.684629381 -0.399582386 0.520695865 0.317005217
1403715559062142976.000000 0.730635047 -2.255360603 1.223354220 0.707887411 -0.348303229 0.531497777 0.308367401
1403715559362142976.000000 0.837202549 -2.332519054 1.225296736 0.735298634 -0.283000767 0.551329911 0.274375409
1403715561562142976.000000 2.398055315 -1.107094169 1.027183056 -0.815536141 -0.105993435 -0.560826361 0.095604204
1403715564062142976.000000 2.230000257 0.841095507 0.957340240 -0.541844845 -0.569376230 -0.429368526 0.444811910
1403715566012143104.000000 1.247028589 0.192255154 1.298534155 0.165070638 -0.780274332 0.122420467 0.590708733
1403715566312143104.000000 1.317139864 0.039996214 1.388152838 0.306649268 -0.737367153 0.225779101 0.557924509
1403715566662142976.000000 1.477268457 -0.074111812 1.427442431 0.440639198 -0.660489380 0.325426847 0.513505816
1403715567012143104.000000 1.710504174 -0.097447053 1.414832115 0.567514837 -0.557426155 0.422163218 0.434719861
1403715567312143104.000000 1.950719833 -0.017205775 1.394062638 0.676131368 -0.438922197 0.500361800 0.315961599
1403715568162142976.000000 2.588368177 0.388715863 1.092511654 -0.801565468 -0.012736863 -0.597378910 -0.021660056
1403715570612143104.000000 1.871870041 1.635414124 0.805231810 -0.332148433 -0.717905402 -0.286660612 0.540476620
1403715572712143104.000000 0.725910783 0.974307358 0.375090629 0.016708605 -0.812779307 -0.054377314 0.579787791
1403715573012143104.000000 0.444304794 0.942499399 0.347385854 0.083232060 -0.812083542 0.024576433 0.577051938
1403715574062142976.000000 -0.290815562 0.599582076 0.551712632 0.373514056 -0.760309160 0.236181602 0.476062387
1403715574362142976.000000 -0.536519289 0.430122942 0.621369541 0.471436083 -0.685676217 0.298504829 0.467430145
1403715574912143104.000000 -0.847992241 0.015254820 0.697131753 0.550370991 -0.623356819 0.339368999 0.439712107
1403715575112143104.000000 -0.886722684 -0.167909637 0.736004353 0.538511872 -0.616927266 0.364290208 0.443506896
1403715575912143104.000000 -0.727300406 -0.750983000 0.907478392 0.523038030 -0.611157358 0.316213429 0.502918541
1403715576312143104.000000 -0.347997844 -0.971255898 0.982102036 0.495901853 -0.637253106 0.353901327 0.471957386
1403715576512143104.000000 -0.128848270 -1.060777783 1.030310512 0.485065788 -0.618142843 0.372382224 0.493905038
1403715576712143104.000000 0.101681277 -1.121044159 1.066711664 0.474245727 -0.608216703 0.373616457 0.515338898
1403715578812143104.000000 2.286379814 -0.303772748 0.668329954 0.268797010 -0.840690553 0.150523499 0.445343018
1403715579362142976.000000 2.095409632 -0.379572332 0.572591662 0.296843380 -0.768822193 0.088967010 0.559358060
1403715582212143104.000000 1.913891554 -2.590695858 0.581285834 0.282274872 -0.751183867 0.191906333 0.564991653
1403715583412143104.000000 1.601723433 -3.057808399 0.464831203 0.258532912 -0.762376010 0.202628791 0.557570875
1403715583712143104.000000 1.528411508 -3.230370045 0.394798636 0.233789012 -0.696071029 0.240304515 0.634887159
1403715584012143104.000000 1.655240536 -3.207833767 0.371126443 -0.222393125 0.668075085 -0.264989167 -0.658785105
1403715586212143104.000000 2.829822302 -1.692721248 0.639118135 0.257655084 -0.780233443 0.231544018 0.520804167
1403715586712143104.000000 2.752057791 -1.716336131 0.652557909 0.284162253 -0.742026269 0.195249543 0.574914277
1403715587212143104.000000 2.858939886 -1.707416296 0.667942643 0.274450392 -0.773447096 0.195663720 0.536816835
1403715587662142976.000000 2.973767281 -1.680836201 0.723064780 0.239601791 -0.777499318 0.232326359 0.533019960
1403715588062142976.000000 3.022851706 -1.515629292 0.760562837 0.141236559 -0.797442913 0.151419997 0.566753030
1403715588262142976.000000 3.029413223 -1.388590455 0.749835730 0.081545971 -0.790675044 0.093003772 0.599611104
1403715588512143104.000000 3.075268984 -1.204740882 0.652855277 0.003374368 -0.791147947 0.034558035 0.610638380
1403715588762142976.000000 3.182343960 -0.998823524 0.564103127 -0.066716105 -0.807570696 -0.016112268 0.585763514
1403715589012143104.000000 3.301438570 -0.783737659 0.460027277 -0.124926843 -0.841374099 -0.076362431 0.520241857
1403715589212143104.000000 3.354617834 -0.609124005 0.405059934 -0.169886798 -0.846298993 -0.109711722 0.492828518
1403715589512143104.000000 3.305599928 -0.329075366 0.409159780 -0.232015595 -0.843803704 -0.141568959 0.462733567
1403715589812143104.000000 3.064077854 0.007102624 0.516248167 -0.249697566 -0.823189795 -0.170536101 0.480548739
1403715591462142976.000000 0.720529377 1.032646894 1.209148884 0.173809052 -0.817503750 0.051180035 0.546679854
1403715591712143104.000000 0.343780458 0.951911867 1.240756035 0.260580242 -0.797221720 0.118878476 0.531416535
1403715592012143104.000000 -0.076957755 0.770013690 1.177755117 0.358564049 -0.754613459 0.167937309 0.523247004
1403715592262142976.000000 -0.370441198 0.545824707 1.075135589 0.439708740 -0.698670805 0.211848184 0.523102045
1403715592512143104.000000 -0.552951157 0.248838976 1.048372507 0.518240035 -0.636706710 0.259239554 0.508750200
1403715592762142976.000000 -0.592346609 -0.089502081 1.036041379 0.589294136 -0.569266975 0.304535121 0.485722214
1403715593012143104.000000 -0.479190975 -0.433564693 1.032778144 0.623757660 -0.542719066 0.396861225 0.398602217
1403715593312143104.000000 -0.280465841 -0.839343905 1.025677562 0.676033676 -0.462893277 0.470896602 0.327054590
1403715593562142976.000000 -0.100023985 -1.160666704 1.034432292 0.732019663 -0.368456215 0.483071059 0.308268726
1403715594062142976.000000 0.378394753 -1.601614594 1.036239147 0.786351323 -0.197079435 0.545930147 0.211593091
1403715594562142976.000000 0.921880603 -1.728509545 1.029367685 0.821571112 -0.029833160 0.560797513 0.098168708
1403715594862142976.000000 1.276931047 -1.655151486 1.014193535 -0.842358351 -0.069275416 -0.534434557 -0.003622029
1403715595162142976.000000 1.681529284 -1.492631793 0.998389363 -0.835594356 -0.161763251 -0.516898513 0.091819048
1403715596162142976.000000 2.963825941 -0.827659488 1.008866668 -0.564316690 -0.446805149 -0.616603613 0.318923026
1403715596812143104.000000 2.659274817 -0.772869229 1.179424524 -0.669708610 -0.570492566 -0.372318536 0.295647860
1403715597712143104.000000 2.224119902 0.443569422 1.383050323 -0.539141119 -0.603663325 -0.375723988 0.451385528
1403715598312143104.000000 2.121315479 1.307613015 1.439088106 -0.473518163 -0.619655907 -0.382934242 0.495144844
1403715598612143104.000000 2.113629103 1.573481202 1.377927542 -0.455751866 -0.575412512 -0.407962114 0.542915761
1403715599962142976.000000 2.527467489 1.366388798 0.896512210 -0.509940386 -0.622973144 -0.358700097 0.472439975
1403715600312143104.000000 2.740010023 1.220226645 0.745542288 -0.451049864 -0.682275712 -0.383909941 0.428564012
1403715600612143104.000000 2.792161226 1.058009386 0.620280921 -0.401827246 -0.737535954 -0.296075791 0.454878867
1403715600912143104.000000 2.738218069 0.921404898 0.553514957 -0.318928987 -0.776496530 -0.220737249 0.496600926
1403715601412143104.000000 2.494144201 0.753187835 0.707567811 -0.235568240 -0.794414282 -0.200049222 0.522870719
1403715601812143104.000000 2.209311485 0.581928611 0.834907770 -0.240144730 -0.784952998 -0.188424975 0.539143145
1403715602162142976.000000 1.946000457 0.397455305 0.933918536 -0.268577367 -0.735224307 -0.225135252 0.580194414
1403715602662142976.000000 1.729329348 0.007526338 1.014152288 -0.381744891 -0.723545492 -0.280096918 0.502293289
1403715603012143104.000000 1.600197673 -0.276346594 0.941939771 -0.451315492 -0.689892828 -0.328549713 0.460887671
1403715603362142976.000000 1.430571198 -0.557422638 0.787889302 -0.514020979 -0.652452469 -0.361501604 0.423562020
1403715603662142976.000000 1.249258280 -0.764109075 0.683161855 -0.551388144 -0.620449066 -0.351643562 0.432852119
1403715603912143104.000000 1.117257833 -0.893741727 0.633962989 -0.572888732 -0.603502393 -0.330999851 0.444997311
1403715604212143104.000000 1.035177827 -0.987314820 0.631007195 -0.563739300 -0.627808928 -0.343588561 0.412311763
1403715604762142976.000000 0.926590145 -0.974549770 0.587775409 -0.541839123 -0.618658721 -0.377344608 0.425773382
1403715605262142976.000000 0.796605170 -0.905134439 0.562855422 -0.539101839 -0.620987177 -0.375388801 0.427583367
1403715605562142976.000000 0.712569714 -0.850459933 0.547404230 -0.544153214 -0.616467297 -0.359487206 0.441173792
1403715605812143104.000000 0.659596920 -0.799117684 0.495485932 -0.535944641 -0.622652113 -0.367254645 0.436109722
1403715606262142976.000000 0.569353342 -0.699921250 0.394147217 -0.527459443 -0.624146402 -0.370835453 0.441258341
1403715606462142976.000000 0.524786532 -0.658423960 0.365475178 -0.530097961 -0.622381151 -0.361778796 0.448055685
1403715606762142976.000000 0.471192092 -0.603030503 0.356902808 -0.531621933 -0.617421150 -0.348524302 0.463357508
1403715607062142976.000000 0.457985163 -0.564949632 0.319163740 -0.512751460 -0.624333024 -0.369932711 0.458741695
1403715607362142976.000000 0.456911922 -0.552601635 0.280183852 -0.510183334 -0.633296430 -0.371221691 0.448155224
1403715607712143104.000000 0.434982836 -0.558923185 0.247568354 -0.511278450 -0.633093894 -0.374898195 0.444114774
1403715608062142976.000000 0.406736434 -0.578363836 0.235559359 -0.511059940 -0.636775792 -0.373059005 0.440637559
1403715608412143104.000000 0.394988358 -0.580743015 0.240878046 -0.514010489 -0.635786533 -0.370081604 0.441144288
1403715608712143104.000000 0.386054933 -0.578318477 0.241352618 -0.515002847 -0.635504901 -0.369218439 0.441116005
1403715609012143104.000000 0.388563335 -0.570978165 0.246072859 -0.514755011 -0.635451078 -0.369256049 0.441451341
1403715609212143104.000000 0.394728124 -0.562941670 0.250480175 -0.514580369 -0.635657609 -0.369278014 0.441339225
1403715609362142976.000000 0.400741458 -0.554733813 0.252704054 0.514742553 0.635651112 0.369170398 -0.441249341
