#Stereo rect[ms], MP culling[ms], MP creation[ms], LBA[ms], KF culling[ms], Total[ms]
8.978353,0.042561,0.473415,0.015137,0.015137,9.522170
9.389784,0.099362,0.884014,0.004224,0.004224,10.381353
9.476729,0.145123,1.559385,0.228548,0.228548,21.532029
9.880832,0.159683,2.494568,0.321285,0.321285,25.556734
10.099204,0.155234,3.198868,0.410374,0.410374,30.148520
10.578347,0.159651,26.116070,0.601161,0.601161,63.601509
11.296151,0.291748,32.553359,0.397127,0.397127,79.980687
12.222086,0.441191,36.466799,0.571722,0.571722,89.893200
12.960209,0.520201,38.487855,1.015856,1.015856,97.191557
13.857537,0.432487,39.158106,98.072596,98.072596,199.214586
14.715855,0.283748,41.933063,1.140306,1.140306,132.404160
15.930626,0.287141,47.828582,1.238004,1.238004,122.779364
16.207526,0.409415,46.181100,1.230196,1.230196,119.319020
16.511531,0.435303,40.507600,1.324821,1.324821,121.744563
17.697790,0.281221,43.734084,1.657114,1.657114,127.646546
19.145110,0.263525,45.862342,1.763132,1.763132,132.182397
19.527260,0.272132,53.560164,1.875742,1.875742,154.860651
15.934850,0.298373,38.148714,2.153187,2.153187,128.276029
20.882163,0.314725,49.899496,2.455080,2.455080,156.990510
19.750783,0.236132,43.032025,2.132291,2.132291,158.187105
24.314665,0.254309,50.522226,2.627435,2.627435,183.543164
24.581134,0.339973,80.151090,4.114402,4.114402,214.915127
24.639855,0.393670,65.571974,4.516105,4.516105,215.993097
10.919473,0.208739,32.331564,3.816830,3.816830,262.270166
23.894338,0.501417,73.828747,4.133667,4.133667,224.560115
23.380827,0.400422,61.026172,5.787198,5.787198,223.631013
23.572765,0.507400,60.734328,3.786046,3.786046,197.954949
24.125414,0.460872,81.490855,4.237125,4.237125,216.875799
19.864098,0.341957,47.058138,4.434984,4.434984,169.796061
24.615727,0.549225,65.652743,2.867694,2.867694,197.258682
24.786897,0.325637,59.834569,3.603738,3.603738,201.648864
24.700080,0.351301,47.378431,3.875199,3.875199,192.568654
23.392443,0.361830,46.965560,5.285717,5.285717,197.728417
27.147544,0.426727,70.887644,3.995617,3.995617,248.003920
29.725633,0.398343,81.630921,3.773661,3.773661,251.383654
28.030694,0.385031,62.912634,5.907423,5.907423,257.123779
20.156103,0.275204,46.700820,6.130211,6.130211,213.426304
9.730526,0.256612,25.689696,6.638763,6.638763,170.216292
8.874576,0.174851,20.165926,5.637851,5.637851,136.871464
18.025892,0.172418,49.163196,7.386328,7.386328,209.739716
16.917298,0.152578,47.384000,6.109731,6.109731,193.218360
9.628412,0.047457,0.593674,0.005312,0.005312,10.278887
9.642589,0.107105,1.052625,0.004192,0.004192,10.810447
9.810751,0.176515,1.311253,0.433703,0.433703,23.113238
10.210501,0.131010,1.850398,0.603050,0.603050,27.601311
10.302663,0.033632,2.028769,0.749196,0.749196,25.337402
10.424073,0.033728,2.569130,0.756204,0.756204,29.153400
10.803695,0.035840,3.028561,0.891247,0.891247,31.995174
11.128404,0.024256,3.351927,1.058193,1.058193,35.110008
11.388920,0.042497,3.951296,1.159603,1.159603,36.646673
11.701150,0.033984,4.331815,55.085308,55.085308,93.632876
12.112804,0.030848,5.164500,1.411255,1.411255,52.907832
9.175092,0.045313,0.538729,0.005152,0.005152,9.768286
9.605660,0.132290,1.019824,0.004480,0.004480,10.766606
9.877248,0.150179,1.392278,0.339141,0.339141,23.587838
10.827567,0.146690,1.722844,0.576842,0.576842,27.551678
10.266566,0.033824,2.108643,0.709227,0.709227,31.541118
10.527562,0.028033,2.400454,0.791885,0.791885,26.801554
10.709261,0.034625,3.033745,0.903151,0.903151,29.947237
11.101619,0.033729,3.222164,1.101426,1.101426,34.782387
11.294390,0.028129,3.929823,1.124402,1.124402,35.864804
11.621373,0.039392,4.345479,45.908168,45.908168,84.135059
12.057123,0.031585,4.837198,1.426647,1.426647,52.563731
9.075763,0.048097,0.588617,0.005248,0.005248,9.721885
9.266070,0.148994,1.319126,0.004096,0.004096,10.744238
10.156004,0.313349,6.454697,0.343013,0.343013,34.879348
10.664045,0.400903,16.378889,0.696715,0.696715,55.468802
11.437881,0.446183,14.088612,0.911471,0.911471,60.667926
11.971938,0.416103,27.284601,1.292149,1.292149,81.688907
12.836719,0.482216,35.229947,1.258964,1.258964,96.830207
9.592731,0.433351,27.358843,1.475800,1.475800,87.701708
11.204470,0.417190,31.941733,2.102498,2.102498,100.603805
15.899137,0.463688,47.432448,106.400538,106.400538,233.873035
16.613421,0.382086,54.565363,1.722172,1.722172,146.446531
17.274423,0.460232,48.400175,1.687899,1.687899,140.610724
12.323463,0.286661,46.015625,2.016641,2.016641,142.945450
12.039747,0.363526,34.857012,2.104643,2.104643,129.353775
11.985410,0.338213,37.092281,2.440295,2.440295,126.876518
15.413626,0.349317,38.847029,2.845646,2.845646,152.168576
12.102211,0.330630,30.785522,3.299477,3.299477,154.394435
10.601452,0.303461,28.093287,3.405463,3.405463,158.533863
19.279480,0.530792,58.715767,3.483128,3.483128,198.125511
19.610589,0.537705,61.409506,3.618586,3.618586,245.324643
16.234023,0.549257,46.090442,3.793021,3.793021,187.037684
20.107334,0.524424,59.426819,5.424248,5.424248,212.525105
10.102180,0.385926,31.951173,5.169651,5.169651,454.907269
13.424314,0.508616,42.997752,4.667947,4.667947,189.308441
15.733919,0.599209,54.111628,4.731565,4.731565,202.338828
13.052403,0.636746,43.223292,4.198596,4.198596,184.451818
10.266086,0.507752,36.402253,4.406951,4.406951,182.624556
10.641260,0.501704,37.296092,4.435879,4.435879,193.409211
11.870528,0.431655,36.852629,7.201109,7.201109,198.796307
11.364984,0.438919,36.337356,4.669164,4.669164,196.336939
11.918657,0.497896,37.300796,6.787886,6.787886,195.363707
10.936401,0.460232,34.090952,4.621771,4.621771,191.242489
11.394585,0.487432,37.471998,7.355607,7.355607,196.504750
9.864448,0.433575,31.366044,4.399207,4.399207,168.830157
7.617019,0.274756,24.435884,3.927775,3.927775,174.654347
11.038547,0.559017,35.435454,3.910431,3.910431,188.696719
10.400744,0.411783,35.552255,5.227796,5.227796,202.267178
9.954017,0.450087,35.768867,5.830335,5.830335,200.544527
9.560347,0.404326,31.914341,4.696556,4.696556,186.280968
12.648236,0.399047,39.383390,4.625131,4.625131,204.937494
10.983154,0.466600,32.735218,6.264805,6.264805,210.958712
10.705485,0.306117,33.566463,6.506729,6.506729,205.465566
10.350600,0.400614,30.466669,3.398967,3.398967,207.933574
16.550316,0.429351,50.070794,4.077314,4.077314,228.311152
13.548923,0.315109,42.497872,6.945392,6.945392,228.202030
16.308616,0.459911,47.570466,4.823854,4.823854,235.902379
16.546892,0.563369,51.769703,6.886159,6.886159,242.490038
14.527884,0.388422,40.513424,5.472728,5.472728,213.285982
16.589644,0.547177,56.158221,3.977280,3.977280,231.820681
16.076837,0.426534,45.108283,5.733405,5.733405,214.259629
17.617469,0.468359,45.771429,4.440904,4.440904,229.454307
17.802368,0.461863,53.818184,7.549658,7.549658,230.115917
11.323800,0.375878,38.619025,5.854143,5.854143,207.303133
11.989154,0.463048,35.818948,6.293062,6.293062,209.144986
12.522986,0.458408,38.241387,7.518618,7.518618,214.465008
19.263416,0.633195,50.777590,7.487001,7.487001,227.539268
15.989987,0.514889,47.607298,6.725005,6.725005,219.057403
14.260007,0.514568,43.025625,6.292134,6.292134,219.063323
11.612412,0.325381,33.492350,6.427432,6.427432,210.299693
11.888929,0.404454,37.958183,4.958352,4.958352,201.100600
18.413418,0.732556,52.143436,3.927904,3.927904,221.041371
11.877024,0.337766,35.552927,7.266966,7.266966,192.010501
14.909521,0.530409,49.596163,5.210900,5.210900,209.606913
19.219031,0.482024,60.386289,6.804750,6.804750,227.532068
19.575356,0.566890,60.307216,5.456121,5.456121,228.117485
19.925987,0.596457,56.953690,5.447641,5.447641,230.063373
20.087269,0.639370,58.009644,7.227221,7.227221,232.106126
12.252710,0.331526,36.406829,6.032002,6.032002,616.804962
17.781856,0.993360,61.884362,7.491833,7.491833,264.736638
10.981649,0.570282,37.452734,6.161763,6.161763,198.503533
10.034402,0.507881,31.299162,10.670508,10.670508,207.448511
12.934386,0.448903,39.159098,8.289862,8.289862,209.757284
10.185509,0.560393,29.922341,6.742925,6.742925,205.771108
10.927601,0.625802,35.649697,7.589979,7.589979,208.806709
8.693773,0.497096,25.537853,7.257782,7.257782,191.964132
10.516490,0.627018,32.686161,7.505529,7.505529,202.203690
10.738414,0.538953,34.039879,8.533547,8.533547,204.945975
11.242614,0.816462,34.045415,9.645916,9.645916,209.731876
8.767694,0.663083,26.256841,8.429288,8.429288,195.774818
10.429800,0.754317,38.057032,9.141300,9.141300,217.140859
8.783630,0.690699,29.389468,8.908400,8.908400,205.792932
15.572604,1.013424,50.512466,8.733741,8.733741,236.301233
15.272472,0.977264,54.322703,13.268759,13.268759,243.582376
7.892288,0.557673,24.782289,7.068179,7.068179,215.051770
15.636797,0.953903,51.114524,9.780447,9.780447,236.383283
11.936033,0.717420,40.183562,7.128723,7.128723,216.249869
15.459354,1.024304,47.863943,13.473402,13.473402,233.125534
8.177445,0.569225,26.764529,12.449418,12.449418,199.411133
8.240358,0.541832,27.434909,9.916225,9.916225,212.129355
8.594859,0.458760,28.945941,8.050018,8.050018,201.592800
8.389031,0.562537,27.418492,11.370456,11.370456,203.865028
8.815183,0.618922,30.052582,17.225847,17.225847,209.178331
7.631515,0.515945,25.901219,12.907313,12.907313,197.012117
9.898912,0.566314,37.957734,13.347640,13.347640,213.927464
9.194901,0.491656,31.229881,10.880784,10.880784,204.960438
8.320231,0.467720,29.826210,10.316071,10.316071,203.604097
9.635004,0.553673,35.576992,12.830192,12.830192,214.194188
7.725789,0.422983,26.103942,11.081716,11.081716,201.491710
8.928433,0.544296,29.246970,11.242646,11.242646,206.850261
8.221157,0.513384,29.147736,9.968673,9.968673,207.622209
8.374151,0.414567,29.874339,12.726094,12.726094,198.577358
10.830032,0.512776,34.803668,10.941746,10.941746,207.980296
9.057330,0.523657,31.796578,11.370264,11.370264,200.012038
10.977842,0.585578,38.339404,8.803982,8.803982,212.953912
15.089685,0.915503,44.046729,9.536026,9.536026,224.691190
15.133237,0.833358,55.714150,6.439273,6.439273,239.125920
10.786383,0.730636,48.032457,11.216630,11.216630,231.599878
9.502138,0.794476,39.489376,9.869567,9.869567,215.115771
7.452697,0.405478,24.456076,9.799071,9.799071,206.423534
8.490281,0.575050,29.447292,6.557098,6.557098,207.941286
9.412888,0.534697,31.687617,6.078115,6.078115,206.194794
8.429737,0.486247,27.827395,7.007666,7.007666,211.781701
9.292918,0.486216,29.873060,10.070339,10.070339,205.852421
8.724589,0.468744,29.343771,7.277206,7.277206,206.591633
12.898353,0.634442,48.098923,5.689020,5.689020,223.576804
12.232614,0.777869,54.158637,4.395079,4.395079,229.286656
11.778014,0.652203,47.232573,5.430744,5.430744,137.097611
11.629053,0.425030,47.356383,8.877904,8.877904,213.871495
9.447641,0.729707,43.650435,5.587130,5.587130,117.778994
12.539147,0.626027,50.182348,5.793566,5.793566,147.460660
9.261942,0.543465,43.337662,8.209061,8.209061,198.941237
9.770142,0.533769,53.660164,10.210373,10.210373,212.044009
9.556826,0.829646,43.211739,8.997330,8.997330,200.866676
8.847087,0.821998,47.189820,8.103523,8.103523,205.511039
10.737838,0.975408,53.029051,7.504153,7.504153,215.006425
10.815504,0.814733,47.812806,5.202900,5.202900,209.386110
9.618908,0.712268,36.764307,7.876159,7.876159,191.845698
14.750863,0.944079,61.074205,8.959441,8.959441,223.818280
14.946386,0.737420,64.964412,5.525657,5.525657,231.008252
15.570941,0.666346,60.873530,9.759742,9.759742,233.681000
15.591997,0.743692,60.925050,9.500922,9.500922,227.332513
10.714125,0.456936,34.092904,11.139604,11.139604,192.943220
10.432809,0.537417,32.626832,6.235045,6.235045,197.974501
10.444937,0.453415,34.378509,11.186069,11.186069,190.516076
13.036339,0.564969,40.531568,9.933985,9.933985,199.019062
12.447049,0.643851,46.055274,9.079443,9.079443,201.339900
12.121860,0.600298,39.764420,8.736270,8.736270,208.758836
10.514826,0.534025,34.390221,9.374839,9.374839,189.336249
10.931601,0.538601,33.327804,10.382728,10.382728,202.623825
9.618332,0.559881,31.137240,6.182692,6.182692,182.687278
11.962530,0.586217,40.129450,10.612076,10.612076,202.761011
14.386889,0.873647,53.213597,9.006514,9.006514,221.458210
10.866256,0.464520,38.710931,10.481770,10.481770,200.660401
14.513131,0.803917,60.040844,7.339255,7.339255,251.031232
14.808464,0.724780,57.242271,8.880911,8.880911,226.569108
14.168549,0.877006,56.946522,6.446057,6.446057,232.190255
7.656476,0.417830,25.874019,6.426632,6.426632,185.575516
15.264631,0.909358,51.952650,7.317910,7.317910,231.982635
11.651357,0.636330,39.864166,9.209045,9.209045,213.127451
15.488539,0.691147,50.330543,7.832895,7.832895,230.711895
14.676494,0.898478,51.238654,8.101603,8.101603,235.228832
15.200374,1.000560,54.119885,3.946720,3.946720,238.935900
15.577532,0.744396,56.769272,7.615996,7.615996,245.554024
16.083652,0.817613,60.886778,7.792638,7.792638,266.988706
14.170886,0.797197,52.839095,9.156276,9.156276,258.275094
16.482347,0.733804,60.953179,9.648892,9.648892,266.766303
16.628333,0.665771,63.898826,8.282566,8.282566,262.767614
17.060084,0.828174,60.791384,10.171652,10.171652,263.338151
17.007636,0.602698,67.422083,6.391271,6.391271,288.501983
13.196470,0.597545,47.753701,6.461480,6.461480,241.465573
16.985587,0.589289,67.825738,8.192837,8.192837,268.633917
17.193142,0.629290,62.874650,8.561259,8.561259,274.680543
11.561723,0.358886,48.468144,6.218565,6.218565,238.429748
14.542123,0.481192,53.090972,9.483834,9.483834,259.217957
14.380745,0.483783,68.124431,6.099970,6.099970,253.340837
12.608268,0.425511,63.612358,6.482985,6.482985,247.553544
8.136804,0.294212,37.486399,8.318119,8.318119,215.436288
7.766238,0.284484,43.173563,7.835679,7.835679,218.950841
14.318824,0.408230,56.262031,8.738381,8.738381,242.689305
10.375112,0.397798,49.885352,5.425624,5.425624,224.266159
15.847585,0.489928,76.360948,5.777758,5.777758,266.194390
17.025524,0.438983,74.859964,5.938624,5.938624,264.361656
8.759758,0.299525,39.498815,5.932224,5.932224,214.040490
10.112003,0.321381,43.860007,6.325638,6.325638,221.111227
9.154260,0.313445,37.216955,9.802015,9.802015,219.825735
6.657548,0.263364,27.693025,10.532651,10.532651,202.187658
6.829262,0.291013,26.624431,6.861647,6.861647,196.190760
9.973442,0.267076,35.446974,8.567275,8.567275,212.080394
7.861760,0.210275,30.213609,6.940432,6.940432,197.334779
15.213495,0.301093,69.795530,8.999122,8.999122,257.836751
11.699806,0.294981,46.385967,7.232469,7.232469,213.975913
9.913761,0.253124,37.110648,7.626299,7.626299,201.490462
10.710221,0.275813,37.246491,11.865184,11.865184,202.732658
7.867487,0.256356,30.350988,9.147412,9.147412,191.068853
10.208549,0.249188,37.690851,10.389961,10.389961,203.863781
6.361223,0.184867,22.329417,7.901056,7.901056,178.200133
7.670908,0.193091,29.342011,7.306263,7.306263,188.306505
6.583307,0.169667,22.426827,9.377176,9.377176,178.550315
9.031506,0.216387,32.119528,6.808718,6.808718,187.921858
9.461817,0.207267,30.298027,11.877248,11.877248,184.413065
7.122067,0.205860,26.669712,10.290983,10.290983,177.245654
12.633900,0.354342,41.806053,10.978066,10.978066,200.313099
13.034355,0.456583,43.638755,11.115092,11.115092,209.777156
7.908576,0.438759,28.924661,10.954577,10.954577,183.784896
10.688685,0.501353,38.281611,11.612380,11.612380,193.698496
12.870001,0.411174,44.081450,9.553530,9.553530,205.443102
9.462073,0.324517,34.286060,12.796815,12.796815,188.411018
12.430057,0.413031,39.525632,11.260406,11.260406,208.266444
11.690173,0.453639,39.073625,13.365817,13.365817,206.943766
11.370361,0.348965,36.405742,8.560362,8.560362,209.441215
11.819712,0.389254,38.786164,14.542572,14.542572,207.056249
18.835216,0.505801,55.662629,12.231046,12.231046,227.560740
19.357626,0.528840,58.779160,14.230343,14.230343,259.931313
13.410937,0.493064,39.085561,13.326808,13.326808,203.980070
20.594541,0.524297,57.559140,12.813616,12.813616,233.295137
14.252999,0.382406,51.700837,15.461467,15.461467,225.456771
19.055221,0.529640,63.146366,13.105140,13.105140,242.267538
14.661453,0.513256,48.016586,13.844768,13.844768,220.001642
22.729104,0.553737,62.219855,14.014179,14.014179,246.146993
23.315066,0.547721,62.134381,10.316711,10.316711,244.942686
23.255737,0.379238,71.075295,14.390281,14.390281,269.291496
23.618015,0.556201,63.604166,15.157749,15.157749,241.729962
24.313098,0.611434,57.987947,12.955026,12.955026,234.138895
25.556574,0.570281,59.220831,15.746975,15.746975,240.350259
18.426475,0.345509,48.170092,12.827503,12.827503,225.959626
16.575436,0.444040,46.341454,12.619564,12.619564,220.942041
23.485660,0.626378,52.631636,14.453162,14.453162,236.159023
17.737119,0.450056,45.384990,12.974802,12.974802,220.127276
10.648429,0.437831,32.337355,17.046932,17.046932,208.931351
10.859760,0.437671,31.757602,18.937618,18.937618,208.870037
18.173062,0.883055,47.782789,13.094388,13.094388,234.302289
13.537723,0.584170,36.935350,10.816111,10.816111,210.568913
10.242021,0.556361,37.890854,17.188598,17.188598,216.288461
9.654333,0.373894,38.332716,13.202870,13.202870,207.322205
8.568843,0.447335,28.904404,15.743486,15.743486,205.349468
15.489850,0.753293,64.668438,16.713967,16.713967,244.247602
14.945170,0.879055,65.734312,18.435850,18.435850,241.997550
11.358840,0.568073,59.202014,18.250472,18.250472,235.976844
9.535194,0.510696,49.131612,14.038212,14.038212,217.496289
11.260854,0.506345,53.472097,16.554604,16.554604,232.447091
15.506075,0.882318,68.182416,19.378074,19.378074,248.059248
10.542698,0.500456,46.399856,19.353497,19.353497,215.415647
8.452585,0.445223,34.664433,17.335545,17.335545,208.794132
8.889008,0.297221,35.684898,17.556316,17.556316,204.220810
9.158165,0.477031,33.740963,17.754623,17.754623,198.702929
10.881264,0.410343,42.742644,13.526523,13.526523,207.637986
11.183573,0.465768,43.659683,17.755679,17.755679,212.360910
9.846143,0.455528,32.493326,15.479803,15.479803,221.507874
10.401289,0.384422,39.849413,13.240086,13.240086,208.108873
10.397577,0.426566,37.689603,13.798528,13.798528,209.050553
16.361833,0.536552,52.337168,15.149109,15.149109,236.240496
18.761744,0.633162,66.621175,17.864929,17.864929,278.355739
11.699485,0.463496,41.636706,16.880305,16.880305,222.846679
16.703790,0.515976,52.672501,17.631038,17.631038,254.015440
19.185302,0.897999,64.330769,13.857569,13.857569,266.613148
17.124693,0.590281,51.799495,15.728895,15.728895,253.316261
14.368329,0.487048,44.422127,18.144774,18.144774,246.943454
17.220183,0.891759,54.575635,11.732158,11.732158,277.637231
17.567485,0.889326,60.185102,17.617917,17.617917,285.745074
16.350440,0.634187,60.165966,16.089828,16.089828,281.156551
10.460137,0.645483,38.662034,15.115796,15.115796,236.167567
16.279783,1.195124,64.743000,15.794272,15.794272,277.037285
11.463418,0.787661,42.570737,12.302151,12.302151,253.419463
14.581772,0.807693,46.929656,13.629053,13.629053,262.729470
20.279112,0.897871,65.549541,14.085892,14.085892,298.190011
17.571421,0.851693,59.501636,16.488875,16.488875,277.522189
19.651262,0.781004,65.595686,17.155990,17.155990,288.029815
9.872928,0.536488,37.098841,10.359336,10.359336,253.003328
19.659262,0.894511,66.488916,10.687949,10.687949,287.189929
10.976626,0.597290,41.908230,16.280104,16.280104,254.873887
14.846736,0.548617,51.707781,18.117637,18.117637,285.820563
21.688703,0.703787,63.510244,16.560396,16.560396,290.873093
10.963858,0.445383,40.883158,11.012018,11.012018,255.131842
22.480684,0.643466,72.131088,11.498938,11.498938,306.365152
22.738033,0.633130,75.718954,19.376314,19.376314,320.675592
22.873234,0.578345,66.651735,11.699485,11.699485,301.820438
19.550845,0.569897,58.695606,13.559068,13.559068,287.062312
11.378616,0.478120,41.585217,21.383226,21.383226,261.393991
13.343832,0.500809,40.522608,27.988869,27.988869,269.049380
11.948418,0.509448,40.708435,22.651983,22.651983,281.599951
15.423930,0.610346,48.364175,27.991174,27.991174,291.392910
12.728654,0.690155,48.316847,16.443210,16.443210,209.476799
9.264950,0.413190,39.198843,19.294232,19.294232,181.897472
13.776031,0.987504,49.792646,15.832672,15.832672,213.226460
11.536699,0.626314,38.742611,20.244744,20.244744,179.492410
17.920962,1.016592,60.685399,18.963539,18.963539,288.239482
15.422522,0.670027,48.984633,17.787136,17.787136,267.879633
17.167734,0.583658,53.305375,21.049653,21.049653,303.635956
11.463065,0.541513,42.242540,14.797360,14.797360,285.945525
21.412699,0.540425,62.544148,21.616574,21.616574,326.932141
12.470601,0.311077,40.411215,17.046580,17.046580,269.935762
14.430442,0.392134,46.824567,18.166182,18.166182,297.704628
14.186694,0.366790,43.812229,22.009444,22.009444,287.896565
18.633421,0.392327,56.855832,17.055508,17.055508,307.951577
19.771328,0.406631,54.242158,27.276090,27.276090,311.415922
13.142165,0.318885,41.893095,15.308280,15.308280,308.073852
12.542539,0.344326,38.952438,22.668239,22.668239,283.195849
19.891714,0.369734,50.727765,23.757665,23.757665,323.335346
12.776559,0.271204,40.906423,16.606221,16.606221,285.035431
26.459852,0.386086,65.233120,19.293400,19.293400,330.982094
13.408377,0.218819,41.284957,17.594653,17.594653,285.829203
19.247224,0.295940,58.196367,25.508765,25.508765,313.227311
15.915458,0.265412,45.369150,17.651933,17.651933,284.721409
22.508780,0.220772,54.631380,17.903362,17.903362,302.168828
20.328425,0.360934,50.225677,20.408363,20.408363,288.112952
25.629631,0.293252,60.980860,20.116550,20.116550,329.351028
34.260747,0.325253,68.534646,22.277000,22.277000,329.298195
18.657454,0.272549,46.545841,19.987748,19.987748,295.164843
24.896403,0.310149,56.341840,22.936468,22.936468,340.633259
28.131495,0.312709,60.167311,27.896836,27.896836,348.797295
40.523664,0.385542,70.360212,31.011414,31.011414,361.001908
28.103591,0.374630,60.789785,30.874580,30.874580,343.360055
26.299530,0.353317,63.265537,31.072119,31.072119,336.237827
26.778386,0.405030,62.330705,27.656159,27.656159,329.490390
38.357389,0.479176,83.509032,23.460155,23.460155,371.687201
16.212134,0.305477,42.329613,25.552477,25.552477,304.820102
16.166182,0.324389,41.532193,26.026214,26.026214,293.859030
16.979475,0.338309,41.060761,24.246633,24.246633,293.339533
17.592573,0.344582,37.218298,18.775088,18.775088,287.975606
30.283083,0.375622,52.788374,25.270105,25.270105,315.944731
16.342633,0.305157,35.954374,26.129864,26.129864,300.165852
15.529820,0.255748,34.966070,29.160120,29.160120,284.711457
15.508219,0.229444,37.695522,27.652832,27.652832,284.846692
15.281784,0.213763,34.123336,28.191080,28.191080,290.209946
20.960019,0.335494,40.910326,27.714689,27.714689,278.755553
16.014467,0.299877,39.287164,23.351258,23.351258,181.454778
19.059445,0.251172,45.663523,21.370842,21.370842,196.693105
11.170037,0.142979,28.172872,22.565997,22.565997,150.142847
19.501500,0.156643,50.679220,18.039556,18.039556,171.979841
19.345753,0.183075,49.228157,22.045157,22.045157,169.127474
19.430043,0.138882,50.670740,27.272506,27.272506,262.919105
19.131286,0.141314,52.206381,20.463116,20.463116,262.308343
