1403715533862142976.000000 0.436653286 -0.974014521 0.082414702 -0.592350662 -0.565600932 -0.342799008 0.460114270
1403715535112143104.000000 2.265977383 -1.113511443 -0.037729617 -0.661119401 -0.523945510 -0.426505536 0.326336324
1403715537512143104.000000 3.970553875 0.613994002 -0.250494540 -0.548896015 -0.537054181 -0.472917289 0.432013094
1403715540112143104.000000 2.570866585 -1.717681408 -0.410296410 -0.820866883 -0.210088447 -0.501474321 0.174825743
1403715543012143104.000000 5.148458004 -2.379500628 0.018401315 -0.724272728 -0.347091377 -0.533764958 0.264672667
1403715543512143104.000000 5.267400742 -2.326759815 -0.060450722 -0.720809877 -0.334898204 -0.542954206 0.271066636
1403715543862142976.000000 5.282178402 -2.400168896 -0.118298627 -0.700319350 -0.333823979 -0.586932898 0.231568977
1403715545262142976.000000 4.157536983 -2.839998484 -0.503228307 -0.812184632 -0.035480954 -0.581767857 0.025366690
1403715545562142976.000000 3.813073397 -2.905997276 -0.519302130 0.816178381 -0.019959595 0.576492846 -0.033324908
1403715546912143104.000000 2.365744591 -3.500383854 -0.386426777 -0.759682596 -0.374696761 -0.472975135 0.242444485
1403715547212143104.000000 2.113106012 -3.562850952 -0.349024147 -0.695122838 -0.491603881 -0.437305689 0.289643973
1403715547462142976.000000 1.918951631 -3.538051367 -0.320807815 -0.642785370 -0.566080034 -0.401470304 0.324348539
1403715547662142976.000000 1.757250667 -3.462002039 -0.308951467 -0.602072835 -0.618228912 -0.365756124 0.348602742
1403715547862142976.000000 1.581458330 -3.327651739 -0.298167795 -0.552366078 -0.665393114 -0.334926188 0.374123275
1403715548062142976.000000 1.386634231 -3.137628555 -0.284801424 -0.503923416 -0.683440447 -0.322329104 0.418418884
1403715548312143104.000000 1.124822140 -2.864471436 -0.274470299 -0.466449142 -0.679903269 -0.338878930 0.453120053
1403715549612143104.000000 -0.351279110 -1.635158062 -0.495531142 -0.469215244 -0.655895710 -0.298927456 0.510176659
1403715550112143104.000000 -0.620675623 -1.293023467 -0.543269396 -0.572908521 -0.583310366 -0.308019072 0.486466020
1403715550462142976.000000 -0.539832652 -1.031342626 -0.471109718 -0.637785912 -0.526185453 -0.388018042 0.407185644
1403715550912143104.000000 -0.256196260 -0.705847144 -0.406767368 -0.727064669 -0.391833782 -0.444644690 0.346604168
1403715551162142976.000000 -0.012378495 -0.564844131 -0.422708333 -0.761168361 -0.320173025 -0.478036433 0.299321055
1403715551412143104.000000 0.305477142 -0.476571441 -0.375288546 -0.790154994 -0.234448805 -0.502108991 0.261868984
1403715551662142976.000000 0.679699481 -0.463083208 -0.320062041 -0.800250769 -0.158650979 -0.542575419 0.200101003
1403715551912143104.000000 1.065674663 -0.529020429 -0.262669235 -0.786597013 -0.081722729 -0.596270561 0.138014376
1403715552162142976.000000 1.398318291 -0.664350450 -0.213627458 -0.783753455 -0.018934611 -0.617952645 0.059215479
1403715552412143104.000000 1.641703844 -0.833253026 -0.173902914 0.770021737 -0.049323868 0.635880828 0.017011525
1403715552662142976.000000 1.776658177 -1.000170112 -0.145335138 0.750374138 -0.146085754 0.639831722 0.078822151
1403715553062142976.000000 1.742676020 -1.243365765 -0.142823771 0.712322831 -0.337240368 0.596652210 0.151233077
1403715553912143104.000000 0.747556388 -1.660106778 -0.259332180 0.609251916 -0.514449358 0.469806433 0.378729224
1403715555412143104.000000 0.644403994 -1.540740132 -0.481170028 0.608146369 -0.562718868 0.494101644 0.263380140
1403715558362142976.000000 0.742110968 -2.643237591 0.005624577 0.666639388 -0.491507113 0.433254927 0.355391115
1403715558912143104.000000 0.854608893 -3.202373028 0.040922537 0.644272089 -0.456385672 0.487630129 0.372615635
1403715559162142976.000000 0.917231023 -3.345168352 0.034618117 0.672541559 -0.411197484 0.500681639 0.357662380
1403715560162142976.000000 1.352688193 -3.268267632 -0.152363285 0.785106540 -0.258581251 0.512743056 0.232030168
1403715560562142976.000000 1.692025900 -3.092484713 -0.157146350 0.805375695 -0.199399665 0.538283885 0.147851899
1403715561662142976.000000 2.882130384 -2.511497021 -0.125585184 -0.820058465 -0.035155505 -0.570507288 0.028103406
1403715563862142976.000000 3.234761000 -0.750953078 -0.087149188 -0.632780075 -0.460091591 -0.528503239 0.329529077
1403715565962142976.000000 1.933598280 -1.000108719 0.132025018 0.047662497 -0.794958353 0.032910153 0.603892863
1403715566262142976.000000 1.956068993 -1.164349079 0.220848620 0.196488097 -0.773157418 0.139969349 0.586539447
1403715566762142976.000000 2.157228947 -1.365203738 0.262497336 0.400077254 -0.685394943 0.288211733 0.535822690
1403715567162142976.000000 2.461127043 -1.420961261 0.231973290 0.557807326 -0.572337091 0.418595910 0.431345135
1403715568162142976.000000 3.303160191 -1.154410243 -0.061140105 0.799114406 -0.082115412 0.588714421 0.089937054
1403715568412143104.000000 3.466182709 -1.004432082 -0.145663068 -0.799539924 -0.032539546 -0.599728763 -0.001634462
1403715568662142976.000000 3.575015306 -0.827137232 -0.205619231 -0.787049472 -0.145910084 -0.594203949 0.078644961
1403715568912143104.000000 3.621474504 -0.631423712 -0.237192184 -0.764914572 -0.252410471 -0.571828783 0.155584738
1403715569162142976.000000 3.617823362 -0.433453977 -0.265520096 -0.743148386 -0.339113772 -0.534006178 0.218104810
1403715571712143104.000000 2.216928005 -0.386881888 -0.488186777 -0.244294018 -0.788289070 -0.104065709 0.555059493
1403715571962142976.000000 2.139801025 -0.503592134 -0.584336817 -0.296284705 -0.811182618 -0.035680421 0.502916396
1403715572662142976.000000 1.659072876 -0.167116567 -0.752383173 -0.090625621 -0.805121839 -0.131041527 0.571308970
1403715572912143104.000000 1.427484155 -0.114999615 -0.793259859 -0.032435019 -0.814421117 -0.070872940 0.575015783
1403715573962142976.000000 0.616084814 -0.258281797 -0.587987602 0.251379550 -0.802956104 0.156421646 0.517302811
1403715574212143104.000000 0.405133188 -0.325493813 -0.536329925 0.337106615 -0.776420832 0.214862660 0.487199992
1403715574462142976.000000 0.172200263 -0.429428667 -0.478864133 0.423914194 -0.710111499 0.243400440 0.506749272
1403715575212143104.000000 -0.232353747 -0.969874740 -0.365951300 0.456661344 -0.661626399 0.316726208 0.503383994
1403715575612143104.000000 -0.273302168 -1.265041947 -0.291002303 0.453825772 -0.667037845 0.276859492 0.521969020
1403715575862142976.000000 -0.202938467 -1.441975832 -0.232872248 0.454433262 -0.662549436 0.250276208 0.540259719
1403715576262142976.000000 0.094533727 -1.744821072 -0.162853926 0.421821624 -0.691244841 0.291047812 0.509449005
1403715576462142976.000000 0.277811110 -1.890416145 -0.121878460 0.414310247 -0.674668193 0.306101769 0.528650761
1403715576662142976.000000 0.484444201 -2.006064892 -0.075479358 0.404523969 -0.659305394 0.310992450 0.552232325
1403715578862142976.000000 2.824466705 -1.718488097 -0.488251388 0.169428617 -0.867973149 0.086788192 0.458676904
1403715579262142976.000000 2.661574841 -1.716350913 -0.579181075 0.208483011 -0.801808298 0.019062679 0.559709609
1403715579512143104.000000 2.552914858 -1.885841370 -0.595416844 0.200894281 -0.799601197 0.025987975 0.565335453
1403715582162142976.000000 1.972360730 -3.864417315 -0.604990065 0.186073899 -0.782061994 0.112436414 0.584049404
1403715583962142976.000000 1.506968021 -4.414831161 -0.818432212 -0.147353038 0.677553892 -0.178480223 -0.698106468
1403715586862142976.000000 2.991813898 -3.233753443 -0.543003023 0.186581686 -0.788486242 0.132189289 0.570966482
1403715587362142976.000000 3.098452568 -3.245107651 -0.500312448 0.185512006 -0.787196696 0.133737743 0.572731018
1403715587762142976.000000 3.199072123 -3.220457792 -0.446819454 0.127346292 -0.806824088 0.159900814 0.554300964
1403715588162142976.000000 3.266344786 -3.033339262 -0.393144637 0.020202341 -0.800898433 0.049635142 0.596397400
1403715588362142976.000000 3.317586184 -2.905831099 -0.442232519 -0.044416215 -0.789826155 -0.002414388 0.611715615
1403715588562142976.000000 3.407544374 -2.772017717 -0.518696368 -0.103931949 -0.784316599 -0.047891784 0.609714806
1403715588762142976.000000 3.533633471 -2.634054422 -0.593630254 -0.159984723 -0.792452157 -0.085461952 0.582340717
1403715588962142976.000000 3.674743414 -2.492288113 -0.672638774 -0.209941104 -0.814639986 -0.127423793 0.525404334
1403715589262142976.000000 3.812012672 -2.257862806 -0.743384838 -0.278002381 -0.816947877 -0.172544613 0.474909812
1403715589562142976.000000 3.801816463 -1.964462757 -0.713881016 -0.337481588 -0.809841633 -0.197761253 0.437210709
1403715589812143104.000000 3.662520647 -1.639400244 -0.617522657 -0.344443917 -0.787563205 -0.224928260 0.458813488
1403715591312143104.000000 1.859623790 -0.145529225 0.032740932 0.013078138 -0.832711399 -0.047632691 0.551499724
1403715591562142976.000000 1.477923512 -0.089991137 0.095474958 0.117188096 -0.828561425 0.011926064 0.547366977
1403715591812143104.000000 1.092922807 -0.107171051 0.094397448 0.201437563 -0.810669959 0.074901320 0.544634700
1403715592062142976.000000 0.722543418 -0.189368367 0.016271524 0.288476348 -0.782502830 0.110036977 0.540705681
1403715592312143104.000000 0.401182145 -0.361826122 -0.069720104 0.374867618 -0.731641412 0.157803625 0.547058642
1403715592562142976.000000 0.185003906 -0.626199782 -0.086558640 0.459395617 -0.678918779 0.203983247 0.535178244
1403715592862142976.000000 0.104834236 -1.026111364 -0.096253276 0.541094363 -0.621081173 0.277764410 0.494289488
1403715593112143104.000000 0.165830553 -1.394657254 -0.105029330 0.574013710 -0.593936980 0.382064104 0.414456487
1403715593362142976.000000 0.253475219 -1.760553479 -0.115740508 0.633557439 -0.521647990 0.429536104 0.376811683
1403715593862142976.000000 0.531948566 -2.403889656 -0.130472183 0.721357405 -0.350660503 0.500939488 0.325177610
1403715594362142976.000000 0.986662567 -2.761003494 -0.145204544 0.796283305 -0.202499092 0.535304070 0.195899114
1403715594762142976.000000 1.434363842 -2.846444368 -0.145802557 0.835798800 -0.055981092 0.535472870 0.107588448
1403715595062142976.000000 1.837818146 -2.797343016 -0.157439083 -0.853732407 -0.031237883 -0.519774079 -0.000446457
1403715595362142976.000000 2.320129871 -2.710691929 -0.167600751 -0.831374586 -0.127146527 -0.533388436 0.090259850
1403715595962142976.000000 3.259711981 -2.492700815 -0.181240708 -0.666684091 -0.365429878 -0.624073863 0.180347741
1403715596462142976.000000 3.311880112 -2.392585516 -0.067614198 -0.695690215 -0.426423639 -0.525830090 0.240168318
1403715596812143104.000000 3.094344854 -2.304098606 0.036565945 -0.733802021 -0.486218184 -0.402489990 0.251253605
1403715597162142976.000000 2.960787058 -1.957264185 0.129648060 -0.723532021 -0.517488003 -0.366816998 0.272310227
1403715597512143104.000000 2.942490339 -1.364425182 0.223106340 -0.651437640 -0.502902746 -0.425323814 0.376586646
1403715598212143104.000000 3.042769432 -0.281637043 0.313667893 -0.553875566 -0.565767050 -0.426420301 0.437373072
1403715598562142976.000000 3.106016636 0.068567589 0.263887823 -0.523933470 -0.518813789 -0.464760840 0.490227789
1403715599712143104.000000 3.344932318 -0.083625875 -0.144170582 -0.594390452 -0.541080236 -0.386152327 0.452568889
1403715600312143104.000000 3.637236357 -0.386558205 -0.393231720 -0.530443847 -0.622710943 -0.430165231 0.381861776
1403715600612143104.000000 3.645981550 -0.551016271 -0.520904779 -0.487480760 -0.683590412 -0.346713841 0.418158114
1403715600912143104.000000 3.555335999 -0.675577044 -0.575432181 -0.409585267 -0.733366668 -0.277142435 0.466482043
1403715601262142976.000000 3.380594730 -0.761433065 -0.489260226 -0.341577768 -0.756118596 -0.257438153 0.495312870
1403715601762142976.000000 3.017689228 -0.887126923 -0.297815681 -0.332659423 -0.751774311 -0.249298468 0.511882067
1403715602112143104.000000 2.719995260 -0.999626756 -0.191685185 -0.347091824 -0.705014586 -0.285700172 0.548504591
1403715602612143104.000000 2.400455952 -1.301891685 -0.119811684 -0.458186954 -0.676079512 -0.325844049 0.476242632
1403715602962142976.000000 2.207103491 -1.546793938 -0.171811312 -0.521722376 -0.636953175 -0.374424636 0.426500440
1403715603312143104.000000 1.980064631 -1.777589083 -0.325144291 -0.581045330 -0.589773953 -0.406922668 0.385962337
1403715603662142976.000000 1.715536475 -1.962875128 -0.451789021 -0.622184515 -0.549352169 -0.398952961 0.389788687
1403715604012143104.000000 1.509744883 -2.092453241 -0.507002175 -0.649974167 -0.537035048 -0.366165459 0.393763602
1403715604512143104.000000 1.395754099 -2.127671957 -0.529241562 -0.624370575 -0.555936992 -0.405871570 0.369274527
1403715604912143104.000000 1.319505453 -2.067188025 -0.563601613 -0.611405969 -0.549104691 -0.425130278 0.379382402
1403715605262142976.000000 1.239878893 -1.997155190 -0.573560834 -0.609561801 -0.551157475 -0.422894210 0.381864160
1403715605562142976.000000 1.170148611 -1.924027085 -0.588593423 -0.613538146 -0.546411693 -0.409218997 0.396919489
1403715605862142976.000000 1.124628305 -1.847946882 -0.648948312 -0.604858160 -0.553704321 -0.418159753 0.390769333
1403715606162142976.000000 1.083823442 -1.767493129 -0.711019874 -0.597576082 -0.556654334 -0.423269451 0.392277777
1403715606462142976.000000 1.032864809 -1.692093611 -0.769207001 -0.601174653 -0.553146064 -0.411220610 0.404371291
1403715606712143104.000000 1.000337243 -1.635605097 -0.778158486 -0.600846231 -0.548864901 -0.402938634 0.418774098
1403715606962142976.000000 0.992764831 -1.591405034 -0.806323051 -0.588052332 -0.547872007 -0.415089190 0.426299959
1403715607212143104.000000 0.998403370 -1.571596742 -0.843599081 -0.582645237 -0.563863754 -0.420606554 0.407028794
1403715607612143104.000000 0.983126342 -1.575405359 -0.877666056 -0.584047616 -0.564909637 -0.421145082 0.402991593
1403715608062142976.000000 0.945556641 -1.598737836 -0.902487278 -0.582307875 -0.569609225 -0.422329307 0.397618890
1403715608262142976.000000 0.946134567 -1.599489093 -0.905259848 -0.583354473 -0.569000065 -0.421012729 0.398352653
1403715608562142976.000000 0.945671260 -1.599453330 -0.906176448 -0.584231496 -0.569327891 -0.419950575 0.397719562
1403715609062142976.000000 0.944674850 -1.602489352 -0.905321479 -0.584576309 -0.569137216 -0.419608086 0.397847384
