#Stereo rect[ms], MP culling[ms], MP creation[ms], LBA[ms], KF culling[ms], Total[ms]
9.079700,0.036864,0.395815,0.013632,0.013632,9.536475
9.327544,0.114018,1.064305,0.004704,0.004704,10.514060
9.596733,0.225667,6.388616,0.247844,0.247844,28.156075
10.134565,0.285477,27.218267,0.260996,0.260996,60.733405
11.320472,0.420967,18.270633,0.292773,0.292773,65.309927
11.992931,0.388198,21.988294,0.807918,0.807918,73.015429
10.122980,0.297573,27.015864,1.117490,1.117490,82.400381
10.247911,0.345733,23.470335,1.073329,1.073329,83.650002
12.852113,0.309221,21.840452,0.641098,0.641098,85.454991
13.924355,0.188931,39.367969,82.716099,82.716099,197.426543
10.745871,0.248772,27.973576,1.158579,1.158579,74.503358
14.634703,0.294628,34.667733,1.200788,1.200788,94.738695
12.041668,0.320581,36.029899,1.346838,1.346838,96.595653
17.434268,0.347494,49.077407,1.425431,1.425431,132.310219
19.231802,0.355397,38.577812,1.757149,1.757149,128.703440
20.444941,0.279301,40.063564,1.958336,1.958336,129.507133
14.752304,0.202691,32.749461,2.274150,2.274150,126.942707
16.344138,0.249284,37.496867,2.104322,2.104322,132.550670
16.855827,0.327461,42.069261,2.497065,2.497065,146.432721
16.788786,0.275076,40.067244,2.520425,2.520425,146.418832
20.985141,0.272005,56.718267,2.720845,2.720845,194.254907
22.426158,0.205347,63.553771,3.943104,3.943104,190.181625
22.888916,0.265349,74.745249,3.891680,3.891680,222.747915
22.212298,0.396806,55.898607,3.487609,3.487609,186.926724
17.510461,0.306757,48.272274,3.777917,3.777917,166.493623
9.713758,0.239940,28.385870,3.802750,3.802750,251.868453
10.626349,0.274724,29.347486,3.373751,3.373751,147.351295
10.930514,0.178979,27.752516,3.671708,3.671708,128.639855
21.177529,0.261508,66.987491,3.239764,3.239764,188.626655
22.604848,0.406950,66.965411,3.755837,3.755837,195.774291
19.936036,0.281733,51.775147,3.908000,3.908000,185.040869
17.071606,0.409895,42.732312,3.460057,3.460057,155.505029
25.044952,0.360294,57.694219,4.091138,4.091138,202.077147
24.938806,0.467080,62.677660,3.500825,3.500825,193.382605
24.198826,0.339077,51.218850,2.674252,2.674252,195.826325
22.516463,0.406566,53.038176,3.320406,3.320406,192.760227
19.977861,0.365542,44.189616,4.197797,4.197797,183.049829
20.622672,0.388550,51.534984,3.193716,3.193716,185.038565
17.353211,0.261572,37.685062,5.893888,5.893888,167.329605
17.471356,0.125250,49.041151,2.996112,2.996112,175.807598
17.086934,0.135266,46.535894,4.250502,4.250502,175.376392
17.042069,0.167363,42.206479,4.149315,4.149315,167.863053
17.200184,0.165058,44.338034,5.024337,5.024337,172.442711
9.606684,0.044705,0.555529,0.005312,0.005312,10.216038
9.515739,0.123842,1.128466,0.004480,0.004480,10.776303
9.784319,0.161091,1.384694,0.391655,0.391655,23.588544
10.462539,0.146370,1.831230,0.584906,0.584906,21.688674
10.230311,0.060673,2.267845,0.787725,0.787725,24.557904
10.564844,0.033025,2.565321,0.901006,0.901006,29.004920
10.721422,0.038273,3.073810,0.936463,0.936463,30.594482
11.079061,0.029632,3.480473,1.049105,1.049105,34.008842
11.279128,0.028736,4.107459,1.332278,1.332278,37.766535
11.815776,0.047233,4.729261,47.431844,47.431844,87.772533
12.080325,0.030368,5.513178,1.477944,1.477944,54.102737
12.422027,0.009152,6.327591,1.628058,1.628058,58.640699
8.972242,0.042240,0.501577,0.006080,0.006080,9.525115
9.285175,0.118978,1.168403,0.004640,0.004640,10.580844
9.521691,0.205955,1.714556,0.468551,0.468551,24.246346
10.031331,0.244356,7.440537,0.613610,0.613610,35.610084
9.025587,0.210307,18.480205,0.864494,0.864494,57.904590
11.459611,0.389734,18.219945,1.024593,1.024593,65.700302
12.025027,0.409575,28.549233,1.240628,1.240628,84.330301
13.084693,0.486440,38.500531,1.437431,1.437431,100.591366
13.767904,0.514696,38.058796,1.680539,1.680539,118.937456
13.878818,0.473448,42.429811,73.946996,73.946996,199.356367
11.922402,0.394758,39.358753,1.269813,1.269813,96.263743
15.001140,0.474824,53.399621,1.518681,1.518681,150.174989
13.813280,0.363718,39.713415,1.819133,1.819133,123.371192
11.459611,0.620394,39.048860,2.069058,2.069058,129.910788
17.218808,0.729676,46.798618,2.062658,2.062658,157.692328
11.326584,0.397926,34.285839,2.419751,2.419751,139.023703
10.550252,0.377766,35.663909,2.595082,2.595082,129.549949
16.180264,0.579305,58.576378,2.866990,2.866990,180.141845
16.337642,0.622634,51.152577,3.069010,3.069010,186.487485
16.477804,0.580010,58.269301,3.256021,3.256021,189.026086
16.843570,0.637707,51.489862,3.508441,3.508441,197.692083
17.866275,0.559657,62.510586,4.879311,4.879311,205.893209
11.984899,0.480392,40.720759,4.948112,4.948112,184.085270
10.404713,0.450759,35.909769,4.399015,4.399015,386.222737
9.759871,0.400487,30.650131,4.217956,4.217956,151.816168
9.427833,0.470088,36.324335,4.584171,4.584171,160.348243
14.980276,0.532616,47.260834,4.782286,4.782286,190.172056
14.483020,0.573769,41.030588,4.693037,4.693037,198.266973
15.139255,0.579881,49.716778,3.110610,3.110610,197.202060
15.713536,0.506664,50.970174,4.641035,4.641035,196.591393
15.542205,0.575402,51.688745,3.232437,3.232437,197.646291
14.525837,0.441575,40.890298,3.644508,3.644508,146.293711
12.456235,0.453735,39.675366,3.127411,3.127411,199.710676
12.323273,0.471080,38.550675,4.600363,4.600363,196.828517
15.705568,0.539688,52.232275,3.658332,3.658332,207.648117
15.886850,0.520329,45.032157,3.456824,3.456824,205.868952
15.549437,0.478120,44.566198,6.659981,6.659981,220.337412
12.596973,0.402310,37.625701,4.937905,4.937905,208.753319
10.432202,0.322789,33.156828,3.646779,3.646779,205.033003
11.741343,0.332006,35.969033,4.047650,4.047650,201.105611
12.315785,0.370790,34.859383,5.435320,5.435320,216.484517
18.500718,0.452935,50.661177,4.221893,4.221893,258.194157
17.838114,0.426311,47.988686,5.961249,5.961249,228.370727
12.889618,0.378470,42.405682,4.245157,4.245157,214.972108
10.949106,0.420679,35.562627,4.358119,4.358119,203.633556
10.954098,0.287557,35.781543,4.537290,4.537290,206.419425
11.278647,0.374758,34.467122,7.299671,7.299671,213.800889
11.636285,0.319237,37.782696,5.877119,5.877119,213.441171
10.896145,0.307077,33.364064,6.650125,6.650125,202.591075
14.192327,0.410886,44.208208,7.675901,7.675901,224.595305
17.364987,0.534505,54.201138,7.900289,7.900289,245.907173
12.215623,0.371462,36.382608,3.902816,3.902816,210.644966
11.659134,0.269060,36.777591,5.868895,5.868895,208.164381
17.109751,0.477544,54.270388,7.222582,7.222582,227.604283
8.655053,0.398022,28.253612,4.447976,4.447976,193.843604
10.310791,0.388551,35.005274,10.004003,10.004003,198.943943
10.540364,0.441831,34.343503,7.224630,7.224630,203.502738
17.361243,0.644298,53.602953,6.176324,6.176324,250.885365
18.325003,0.515688,53.841965,10.486250,10.486250,232.578060
17.795746,0.694411,52.849597,6.831727,6.831727,227.298965
13.470876,0.496360,39.008187,7.897472,7.897472,208.604741
17.324602,0.686283,55.169347,8.032611,8.032611,242.326282
8.962546,0.408615,26.317932,6.605067,6.605067,186.804290
14.599598,0.573193,39.137597,8.175781,8.175781,232.823535
18.718608,0.713612,56.614106,6.032962,6.032962,231.991617
11.335736,0.483592,29.515425,5.978785,5.978785,188.250393
14.390026,0.468264,41.669926,5.202901,5.202901,215.316402
19.513662,0.829805,53.875117,6.775502,6.775502,231.544826
10.454858,0.418151,28.709875,6.818671,6.818671,554.524806
13.147830,0.703307,37.659590,7.092947,7.092947,206.191741
10.979538,0.489384,33.481282,8.243494,8.243494,208.888553
18.494925,0.877646,59.622347,9.385209,9.385209,233.261878
15.173751,0.597962,47.959821,7.948546,7.948546,216.179201
12.216263,0.527368,36.988090,7.779422,7.779422,202.038042
12.946035,0.578377,36.860216,8.422793,8.422793,206.882537
14.600174,0.554089,37.984266,9.922145,9.922145,213.115566
15.239704,0.574985,42.776921,8.061123,8.061123,216.239521
9.830048,0.384359,28.834741,10.400138,10.400138,213.356211
12.507084,0.497192,34.463313,10.738575,10.738575,212.501860
11.882465,0.486120,33.779142,7.531002,7.531002,220.692169
12.896274,0.488616,35.201917,8.688461,8.688461,205.803959
14.704560,0.505480,38.569492,10.457899,10.457899,216.918797
11.433210,0.486184,31.896648,8.975858,8.975858,204.476834
12.814353,0.515080,35.738758,9.896385,9.896385,211.245168
13.479964,0.504552,35.124796,9.180149,9.180149,212.419075
10.877489,0.468167,31.140379,14.463116,14.463116,206.352128
11.903042,0.506472,32.930360,10.932338,10.932338,208.333856
11.630942,0.531752,34.457554,12.756303,12.756303,208.120829
10.618957,0.496136,34.294735,10.184550,10.184550,210.001180
15.498716,0.735436,51.465286,12.702127,12.702127,236.094788
14.510380,0.588490,45.691176,9.122132,9.122132,227.113010
8.127941,0.456103,27.420927,14.261384,14.261384,200.840775
10.970738,0.539017,37.405665,11.874177,11.874177,213.973564
8.792624,0.449383,27.397854,13.372570,13.372570,196.714116
10.133765,0.506248,34.234541,11.721055,11.721055,209.130573
10.638637,0.537129,32.925592,8.878353,8.878353,206.004155
9.004883,0.462055,28.559249,11.511771,11.511771,200.408927
10.040067,0.495624,33.835431,15.041877,15.041877,207.555795
8.637293,0.517736,28.958008,12.040772,12.040772,196.365117
9.641309,0.594282,34.248365,11.380186,11.380186,204.597188
9.190454,0.674827,32.708821,12.119846,12.119846,203.661685
7.146836,0.535113,24.263435,8.344615,8.344615,185.861586
12.759759,0.776013,54.882942,10.199751,10.199751,229.742525
9.460154,0.575433,39.946251,10.037123,10.037123,211.090189
11.170102,0.569961,40.488051,10.609901,10.609901,217.220913
9.227766,0.487912,34.262190,7.364152,7.364152,204.842823
14.698000,0.705003,56.627962,12.040260,12.040260,246.933205
9.634301,0.492168,34.571187,12.530604,12.530604,211.256336
8.819504,0.365254,28.946903,10.364361,10.364361,203.780535
9.498234,0.539401,31.153147,9.547964,9.547964,212.505028
10.920274,0.642635,46.738393,9.970691,9.970691,274.405877
14.500909,0.734252,48.473397,9.363896,9.363896,235.566652
14.363914,0.807597,58.135570,5.528986,5.528986,253.909798
14.633934,0.758669,56.788956,10.823728,10.823728,270.028557
11.234871,0.587594,37.587204,8.784880,8.784880,218.941646
8.288903,0.481383,27.728484,9.606365,9.606365,204.129212
15.147991,0.678731,51.322980,9.990914,9.990914,237.782752
15.053430,0.767020,52.279923,7.616956,7.616956,239.441179
9.286807,0.489352,34.744822,10.340456,10.340456,210.543076
11.427226,0.880910,44.892827,10.985235,10.985235,238.907282
13.112950,0.581321,49.674537,6.482250,6.482250,227.513145
8.932177,0.367718,27.107417,10.348776,10.348776,191.033382
8.043683,0.457735,30.318094,7.139412,7.139412,189.962261
9.236503,0.496296,34.113099,9.722879,9.722879,195.859254
9.475706,0.558890,34.647476,6.517930,6.517930,129.392731
12.166214,0.692299,53.736459,9.195317,9.195317,232.594572
7.345464,0.442247,28.354222,6.409000,6.409000,179.579628
12.552972,0.784621,44.360242,11.755904,11.755904,206.822056
10.738703,0.671627,43.099678,9.399193,9.399193,196.991112
12.328809,0.650059,48.710137,9.794207,9.794207,203.206573
11.953091,0.574121,47.484262,10.139973,10.139973,203.281487
14.333289,0.982416,59.515433,11.198615,11.198615,224.342181
15.064725,0.969360,62.893216,12.682926,12.682926,231.791166
15.399227,0.966799,63.509867,10.886865,10.886865,228.362855
14.929907,0.856238,64.330391,9.873665,9.873665,231.581211
16.395115,0.936335,64.783711,10.331240,10.331240,236.021091
13.477756,0.644522,60.390584,10.553804,10.553804,229.405848
15.708639,0.694444,60.220020,10.820336,10.820336,236.572684
15.034261,0.608170,48.079471,9.693342,9.693342,210.007196
16.938708,0.559593,50.860572,7.204917,7.204917,225.082705
17.483548,0.909551,58.671964,10.525611,10.525611,234.253766
16.296809,0.817933,58.512825,6.999826,6.999826,237.055828
15.525565,0.944623,58.421208,10.442186,10.442186,238.657262
15.143543,0.913679,58.310069,10.603917,10.603917,248.808724
14.088293,0.998160,56.728284,7.078036,7.078036,239.992612
13.992196,0.912879,55.390598,10.077412,10.077412,236.628302
14.570190,0.962159,59.814894,7.597052,7.597052,260.230126
14.283849,0.808429,56.144786,9.061428,9.061428,254.772821
13.720543,0.901103,57.120066,9.744991,9.744991,241.010100
9.501402,0.682443,35.711494,10.099364,10.099364,212.406914
13.539805,1.228372,45.534853,9.975875,9.975875,235.661406
13.015540,1.186196,53.199458,8.263238,8.263238,256.870103
13.551869,0.901327,51.651913,7.302807,7.302807,243.488733
10.230151,0.742636,42.313873,8.822064,8.822064,246.222346
9.891425,0.740941,45.986252,7.807680,7.807680,237.426939
14.427243,1.029264,54.736636,4.623948,4.623948,265.234335
14.693071,0.807597,51.236610,5.888512,5.888512,250.001095
14.418155,0.804173,56.599097,8.562892,8.562892,263.627845
14.969268,0.843502,58.828126,6.470185,6.470185,261.581700
15.321146,0.739564,56.457239,9.001427,9.001427,272.254706
11.209270,0.554281,41.260224,6.339431,6.339431,239.671870
10.129189,0.512776,41.919211,7.029874,7.029874,238.239815
11.339897,0.490952,46.338546,8.477642,8.477642,241.538173
12.220518,0.437512,51.176129,8.810544,8.810544,277.706634
8.502283,0.412807,35.926857,6.690637,6.690637,238.384362
17.027349,0.431463,78.201146,6.574219,6.574219,282.253076
8.466858,0.349254,38.141837,10.381385,10.381385,216.416932
17.553214,0.460744,58.635195,6.670541,6.670541,244.249834
17.895747,0.402151,80.010967,5.634364,5.634364,272.434516
8.146853,0.319429,39.597061,6.268806,6.268806,213.256433
7.843455,0.280197,42.970140,8.680141,8.680141,215.512981
6.594060,0.310661,37.865896,12.090853,12.090853,212.457604
6.072803,0.314213,29.556257,11.175990,11.175990,212.519717
10.758351,0.484616,47.658216,9.783200,9.783200,228.001569
12.157830,0.465319,61.294054,11.419514,11.419514,257.464288
12.292040,0.350309,61.408520,9.191414,9.191414,240.930643
13.584093,0.373990,64.499098,6.780527,6.780527,243.863491
14.709999,0.328069,55.609098,7.801311,7.801311,233.129908
15.389403,0.283845,67.440650,7.915137,7.915137,256.308686
13.025396,0.285285,44.654007,8.493227,8.493227,221.222867
7.402937,0.187811,28.595697,8.063459,8.063459,204.438081
16.379947,0.378246,49.127456,8.709038,8.709038,229.376471
16.110343,0.329733,65.105956,7.956258,7.956258,258.673621
10.969010,0.213316,40.177198,8.628173,8.628173,207.633269
9.131637,0.171202,32.937945,10.574988,10.574988,191.864788
17.941988,0.295621,75.668560,11.518940,11.518940,257.042522
17.031317,0.258021,54.731835,10.480842,10.480842,231.049682
15.563069,0.383718,43.146559,8.077540,8.077540,216.097759
9.432890,0.327973,31.624739,7.927553,7.927553,185.325802
17.961636,0.340742,48.837435,10.926642,10.926642,217.655832
10.142181,0.221700,33.337502,7.990338,7.990338,204.520162
10.217575,0.231908,31.800005,6.847888,6.847888,177.926130
12.936979,0.282308,37.083644,7.923201,7.923201,188.758658
12.623437,0.250277,36.652244,12.511820,12.511820,190.506718
10.732463,0.210564,35.252318,10.305672,10.305672,179.588653
12.200839,0.192451,46.443188,10.111396,10.111396,198.613602
9.288888,0.269028,32.460977,7.147732,7.147732,176.799359
12.887506,0.323974,41.192862,12.130117,12.130117,194.426398
10.621197,0.292293,37.553219,7.781215,7.781215,189.113288
20.016518,0.370886,57.420263,10.145861,10.145861,216.618119
11.408698,0.254660,41.507716,11.353657,11.353657,199.571506
18.084519,0.409254,54.383414,7.755646,7.755646,207.807832
18.937780,0.281989,60.827422,8.718926,8.718926,223.604185
8.686669,0.248836,33.398560,9.915137,9.915137,171.911471
15.547453,0.354982,53.785388,8.296456,8.296456,202.444705
15.716960,0.329413,48.909565,12.521900,12.521900,187.720817
17.598143,0.320933,46.309522,14.556045,14.556045,186.872995
19.081430,0.383143,52.211442,8.575468,8.575468,203.707189
16.658032,0.341061,47.369412,11.946114,11.946114,185.325738
19.600543,0.330757,57.194340,11.185942,11.185942,216.631175
12.509036,0.328197,43.855691,12.463627,12.463627,195.073513
20.887732,0.413830,58.033841,8.691790,8.691790,214.963244
21.793411,0.508584,63.989106,12.851121,12.851121,211.864474
21.014038,0.494152,53.764972,11.719103,11.719103,214.805258
17.154680,0.545097,49.200385,15.552701,15.552701,194.963367
17.375770,0.332262,47.391844,13.501051,13.501051,203.509585
14.189832,0.465511,39.566756,8.956274,8.956274,195.941175
21.872004,0.486376,60.206004,10.988243,10.988243,230.091843
13.618334,0.410663,50.538006,9.331800,9.331800,196.827749
21.298074,0.626603,74.594142,16.104486,16.104486,261.632804
21.652864,0.595722,65.846928,9.555803,9.555803,231.732861
20.172489,0.688267,58.213492,11.983715,11.983715,224.754924
19.401852,0.596746,52.476566,12.334985,12.334985,216.095039
18.691920,0.691819,57.761261,14.181703,14.181703,226.852462
19.131095,0.601066,60.102003,13.496284,13.496284,228.617227
20.223337,0.718924,56.478616,13.302873,13.302873,227.762365
11.372249,0.415143,36.782327,13.082293,13.082293,198.426111
18.772530,0.541705,53.793836,12.531436,12.531436,228.037634
18.167272,0.660042,54.992352,10.785615,10.785615,223.942494
9.886721,0.315173,31.533378,11.425146,11.425146,191.241546
16.186024,0.506152,48.038831,13.210455,13.210455,219.411861
19.063382,0.650603,60.798366,7.736222,7.736222,236.961075
19.825026,0.619818,58.244181,10.553067,10.553067,237.222486
20.264106,0.539369,63.156901,11.593085,11.593085,243.330939
21.431581,0.586505,55.830349,13.396666,13.396666,240.915667
22.028295,0.558217,64.370456,16.087366,16.087366,277.211970
12.792785,0.335973,40.031820,10.837648,10.837648,213.512277
17.086486,0.533033,45.371971,14.763153,14.763153,232.763023
9.182197,0.441608,27.870725,12.302825,12.302825,208.163518
9.534171,0.469832,30.296173,15.647327,15.647327,211.150542
8.953489,0.456872,28.304013,14.350442,14.350442,209.372785
9.758207,0.548072,34.338896,17.494429,17.494429,216.237409
8.847824,0.540968,29.454592,12.877042,12.877042,200.534977
9.535451,0.542985,33.415648,13.704031,13.704031,215.099534
9.322488,0.671627,31.743109,21.714625,21.714625,215.673176
8.056899,0.494056,28.318893,13.300025,13.300025,204.682597
10.244263,0.543177,48.825819,18.403211,18.403211,232.448649
8.596524,0.519624,42.027309,16.842162,16.842162,148.252622
15.659871,0.719116,67.916753,17.350298,17.350298,254.215371
15.747840,0.905199,70.285976,10.015683,10.015683,250.371821
15.555389,0.487496,69.233191,11.955906,11.955906,275.083455
9.219991,0.541640,42.566134,13.608958,13.608958,213.903836
16.442380,0.472135,55.148418,12.709487,12.709487,239.723551
16.834898,0.865390,64.282583,14.229608,14.229608,262.120685
16.502572,0.749996,63.003298,15.028085,15.028085,253.391038
15.823106,0.485000,56.999936,14.706959,14.706959,241.580574
16.494412,0.703692,57.715564,15.379931,15.379931,246.992790
15.998948,0.702092,62.040018,15.905539,15.905539,275.078431
10.662957,0.456840,43.180575,10.504939,10.504939,227.536249
15.594942,0.547433,53.128066,17.081334,17.081334,257.217533
10.314696,0.531624,37.829992,12.918418,12.918418,231.349207
10.426090,0.417671,43.913995,18.813907,18.813907,235.734175
9.800575,0.486632,37.855977,17.367867,17.367867,230.359143
12.016292,0.660171,55.442823,13.739232,13.739232,256.303054
11.765791,0.620202,57.575178,14.665743,14.665743,253.246364
17.449596,0.801645,70.488540,13.573277,13.573277,286.883423
17.897700,0.703851,58.463032,14.619214,14.619214,260.774231
18.194216,0.704491,65.971827,12.423274,12.423274,287.702220
11.500571,0.541673,38.969659,17.772034,17.772034,229.028594
9.973347,0.358982,32.688916,19.696993,19.696993,222.152354
19.229113,0.842862,73.192039,16.132999,16.132999,276.401717
19.545150,0.636203,61.307590,20.060422,20.060422,262.037227
18.779922,0.628874,65.639629,13.099189,13.099189,284.062162
18.784914,0.734220,61.912752,10.530988,10.530988,257.300382
18.666096,0.696876,71.792337,19.073110,19.073110,281.990544
19.591487,0.706763,60.068563,18.292298,18.292298,270.126415
14.036645,0.618826,52.399541,16.327273,16.327273,253.931687
20.016742,0.781005,70.556061,14.883347,14.883347,290.213270
11.978372,0.496264,45.962636,13.207896,13.207896,249.819717
14.813330,0.595817,50.645593,16.594063,16.594063,253.142363
10.601837,0.540425,37.595716,16.103271,16.103271,235.273976
11.402426,0.596329,39.905290,17.213688,17.213688,240.411435
11.531292,0.585834,47.512325,18.439948,18.439948,257.131867
9.729662,0.427719,33.863175,9.683710,9.683710,230.168100
19.161976,0.785868,63.621645,11.983267,11.983267,281.285348
15.980165,0.550665,45.934572,14.617838,14.617838,246.260266
19.222969,0.789421,69.426666,19.931749,19.931749,274.733050
20.235017,0.704140,63.963729,16.252681,16.252681,269.161183
20.023750,0.835054,56.217203,19.204985,19.204985,279.270436
21.289563,0.725676,66.870433,19.496381,19.496381,278.923646
11.408090,0.546505,37.111036,16.159591,16.159591,231.277206
10.822064,0.389190,34.411921,16.733009,16.733009,227.345526
23.644897,0.651466,66.869729,19.751042,19.751042,284.211060
13.919235,0.434439,44.724184,12.718159,12.718159,239.896643
24.166538,0.605033,64.707742,13.002260,13.002260,271.192800
24.212074,0.661067,58.509017,13.537788,13.537788,287.412776
14.990260,0.410407,45.404867,11.982371,11.982371,247.233818
25.659298,0.739852,72.858946,18.901268,18.901268,296.102742
26.240523,0.662763,80.473054,15.027125,15.027125,302.183289
11.878817,0.430055,47.302851,15.392763,15.392763,251.150778
17.672064,0.530185,54.866717,19.614111,19.614111,268.928315
12.936531,0.412999,44.860090,21.375932,21.375932,253.672259
12.834385,0.456583,42.604086,18.877043,18.877043,250.955158
11.991683,0.556041,44.263089,20.299947,20.299947,255.394239
9.710878,0.594730,38.317744,22.319372,22.319372,248.096072
9.595132,0.593770,40.171662,19.004758,19.004758,247.269787
10.090852,0.671275,41.316225,18.614767,18.614767,245.323355
11.414746,0.607754,47.364291,20.534798,20.534798,274.567767
8.568715,0.469672,40.363473,16.916883,16.916883,263.946506
9.073076,0.609674,38.657301,19.522366,19.522366,258.429744
18.074182,0.802765,60.206677,18.676176,18.676176,290.335384
18.075238,0.819854,66.961378,19.947044,19.947044,303.643857
12.503403,0.564170,48.041678,19.558751,19.558751,280.804925
19.949381,0.692332,59.390439,21.756610,21.756610,304.407421
20.616336,0.590921,67.224679,20.691793,20.691793,327.174768
18.500301,0.517033,66.953954,14.307049,14.307049,312.973929
14.395819,0.372102,55.335525,21.599776,21.599776,300.825891
12.970003,0.379942,50.130128,24.265388,24.265388,308.280988
12.441003,0.348166,45.682023,26.015239,26.015239,304.894117
14.230248,0.376198,52.400917,17.337211,17.337211,310.351934
22.553647,0.562697,80.550400,27.001784,27.001784,356.600719
23.029879,0.584650,79.145513,21.767939,21.767939,363.578913
24.540015,0.549961,70.427387,25.892198,25.892198,460.384937
12.152102,0.367974,38.779960,18.799890,18.799890,316.308511
18.493037,0.439783,61.269702,23.428573,23.428573,321.609813
23.993223,0.543593,76.328411,20.095368,20.095368,343.246422
17.084470,0.452264,47.960109,25.672611,25.672611,302.527711
27.022232,0.605482,71.520300,24.954614,24.954614,328.437764
27.643395,0.577065,71.677423,22.742994,22.742994,325.393619
29.204380,0.553961,82.465919,25.821381,25.821381,365.479776
28.963224,0.472744,69.327497,25.447775,25.447775,332.432870
17.348506,0.272293,48.701465,24.796980,24.796980,302.984486
16.370090,0.309829,53.003455,24.014887,24.014887,309.094473
15.463388,0.298885,50.830203,24.515663,24.515663,316.259742
15.016020,0.296901,51.191970,24.797684,24.797684,320.882089
15.486428,0.286469,52.210098,21.066743,21.066743,312.405567
25.341405,0.326117,63.436681,24.769556,24.769556,336.414887
34.246446,0.442439,93.204174,28.389134,28.389134,382.533525
22.661905,0.374214,58.848670,30.408847,30.408847,331.427317
19.044278,0.322630,55.855181,27.099705,27.099705,324.035133
20.984310,0.307141,57.866702,28.582321,28.582321,325.966812
21.911237,0.317253,56.381206,28.279821,28.279821,327.212145
19.904261,0.342405,47.602215,24.666226,24.666226,305.773876
26.834261,0.302949,55.169890,29.932103,29.932103,326.305889
27.791909,0.246756,58.238356,33.310174,33.310174,327.168496
16.309225,0.196868,37.011098,33.483585,33.483585,284.777277
23.400477,0.168195,44.232624,26.354157,26.354157,294.701119
31.784422,0.264004,60.471545,30.317358,30.317358,317.546451
20.532334,0.289029,52.843260,25.442751,25.442751,222.230947
13.737088,0.147586,34.762327,26.274508,26.274508,183.378219
12.490284,0.311237,28.941239,23.397565,23.397565,157.418692
14.358921,0.422791,53.018944,22.218154,22.218154,182.053268
