1403636579963555584.000000 0.548416913 -0.397926003 -0.502537251 -0.597425401 -0.560164928 -0.402887434 0.408631742
1403636582913555456.000000 0.545997143 -0.390388727 -0.311942726 -0.606699526 -0.543596447 -0.425492436 0.394175947
1403636585563555584.000000 0.568013191 -0.376191437 -0.457744777 -0.606414139 -0.555553019 -0.431812048 0.370352805
1403636588163555584.000000 0.874278426 -0.425497800 -0.512742817 -0.708552897 -0.578955591 -0.298852712 0.271017194
1403636590663555584.000000 0.372933149 -0.477802396 -0.494853884 -0.662955523 -0.618389428 -0.290014654 0.306555212
1403636593363555584.000000 0.425506622 -0.286480397 -0.542932451 -0.603885472 -0.662611663 -0.236427128 0.374660343
1403636594263555584.000000 0.657895684 -0.569859028 -0.561417580 -0.738000214 -0.520964563 -0.323281825 0.281851918
1403636594713555456.000000 0.845794380 -0.389043450 -0.565893412 -0.733046591 -0.505772233 -0.358193636 0.280239910
1403636595063555584.000000 0.687110424 -0.268585324 -0.576291561 -0.672970772 -0.573460698 -0.331714034 0.328966588
1403636596013555456.000000 0.644633830 -0.494109482 -0.607222795 -0.665365100 -0.603933811 -0.307401538 0.313141555
1403636596263555584.000000 0.676784992 -0.582692683 -0.605423272 -0.696548879 -0.571855545 -0.320092738 0.292133003
1403636596663555584.000000 0.536055446 -0.708638012 -0.563235343 -0.688226283 -0.572492957 -0.331137091 0.298236191
1403636597163555584.000000 0.562397242 -0.561763406 -0.573843300 -0.679196894 -0.591057241 -0.327245086 0.286799073
1403636598213555456.000000 0.512371778 -0.423217744 -0.587297022 -0.591682136 -0.674352884 -0.278221428 0.343151957
1403636598863555584.000000 0.576121509 -0.353472441 -0.684336007 -0.569799542 -0.666548312 -0.296483845 0.378337562
1403636601413555456.000000 0.607259810 -0.245934919 -0.797824025 -0.534730196 -0.592945874 -0.374872535 0.471115172
1403636603913555456.000000 0.607298255 -0.245979339 -0.797996044 -0.534841478 -0.592763484 -0.374777317 0.471293986
1403636606563555584.000000 0.607064009 -0.246018261 -0.797940135 -0.534401894 -0.593199730 -0.375508428 0.470661432
1403636609063555584.000000 0.607050002 -0.246116325 -0.797849417 -0.534465790 -0.593199253 -0.375481099 0.470611215
1403636611863555584.000000 0.608288467 -0.245821714 -0.798294425 -0.535241842 -0.592201948 -0.374505788 0.471760958
1403636614413555456.000000 0.607758582 -0.246300995 -0.798032403 -0.534670711 -0.592779577 -0.375317812 0.471037328
1403636616963555584.000000 0.607905388 -0.246268079 -0.798155308 -0.534803331 -0.592534542 -0.375045091 0.471412212
1403636619613555456.000000 0.607711554 -0.246388257 -0.797967434 -0.534686327 -0.592772901 -0.375322521 0.471024364
1403636622163555584.000000 0.608246744 -0.243881151 -0.793545187 -0.534599841 -0.593247831 -0.375423968 0.470443249
1403636624863555584.000000 0.649027467 -0.274665982 -0.785255671 -0.543048501 -0.610013902 -0.381496370 0.432945788
1403636625713555456.000000 0.684332490 -0.321426362 -0.701890409 -0.542505980 -0.627763927 -0.370246559 0.417752653
1403636628513555456.000000 0.877144873 -0.280390739 -0.322041094 -0.574176967 -0.577576101 -0.392982781 0.426955879
1403636629063555584.000000 1.009214759 -0.194924578 -0.300369233 -0.589662671 -0.581312180 -0.396896929 0.396039158
1403636632013555456.000000 2.155358076 0.731147766 -0.389302671 -0.657891154 -0.489321381 -0.464721203 0.334332108
1403636634863555584.000000 2.861596823 2.322253466 -0.543029606 -0.587943733 -0.569814742 -0.416734755 0.394924670
1403636635163555584.000000 2.941673279 2.522500992 -0.530401111 -0.580773115 -0.583841562 -0.407028168 0.395170510
1403636637863555584.000000 3.552098036 4.216728687 -0.225849569 -0.575016499 -0.586863577 -0.400573343 0.405571371
1403636638563555584.000000 3.568031788 4.545532227 -0.272786230 -0.593765795 -0.588875771 -0.370080262 0.404608756
1403636641113555456.000000 4.182244778 6.068068504 -0.379828334 -0.541754901 -0.611062348 -0.388366580 0.426937848
1403636643463555584.000000 4.554523945 6.587313175 -0.449844420 -0.589230120 -0.573828459 -0.402099341 0.402299553
1403636643963555584.000000 4.654889584 6.718456745 -0.376501411 -0.595876694 -0.589756131 -0.386093557 0.384773344
1403636644663555584.000000 4.834120274 7.090517044 -0.449641734 -0.589148402 -0.555567920 -0.396923095 0.432088494
1403636647263555584.000000 6.041889191 8.893853188 -0.475001365 -0.670298934 -0.467223942 -0.469419032 0.334734082
1403636647713555456.000000 6.270048618 9.093429565 -0.458195984 -0.662317514 -0.458637983 -0.474134296 0.355222970
1403636648663555584.000000 6.793552876 9.211761475 -0.581666946 -0.740570784 -0.330235690 -0.528213024 0.251973063
1403636649513555456.000000 7.220437527 9.180850983 -0.408940911 -0.747616112 -0.326146752 -0.529485643 0.233116955
1403636650113555456.000000 7.472615242 9.127582550 -0.192953974 -0.747987926 -0.298151761 -0.548663378 0.224918365
1403636651863555584.000000 7.709910870 8.582531929 -0.182496041 -0.784368217 -0.180035561 -0.573155165 0.154424071
1403636654713555456.000000 7.727003098 7.237924099 -0.208405897 0.817711473 -0.045267045 0.573160529 0.028031733
1403636655013555456.000000 7.684882164 7.124211311 -0.194240302 0.812950909 -0.064321019 0.576962352 0.045696173
1403636655263555584.000000 7.647226334 7.039370060 -0.220120400 0.802566648 -0.071422018 0.590408266 0.046943657
1403636656613555456.000000 7.114163876 6.517718792 -0.301734984 0.804787815 -0.187786639 0.550147116 0.119962141
1403636657263555584.000000 6.882157803 6.201047421 -0.316894948 0.786061227 -0.176948726 0.581833243 0.110756405
1403636658713555456.000000 6.112244606 5.294226646 -0.461659104 0.806775987 -0.178900138 0.544867396 0.142221332
1403636659063555584.000000 6.000961304 5.072413445 -0.536309898 0.793038011 -0.178431660 0.564506173 0.143476859
1403636659363555584.000000 5.914024353 4.926657677 -0.601978004 0.794750869 -0.183258995 0.562052727 0.137419015
1403636659963555584.000000 5.736135483 4.726993561 -0.724205315 0.798851788 -0.186763734 0.553685427 0.142784968
1403636661663555584.000000 5.830736637 4.671776295 -1.322425365 0.791737199 -0.186586007 0.563863873 0.142812863
1403636663363555584.000000 5.731945992 5.121644497 -1.409769535 0.813675880 -0.201741010 0.528546810 0.133680254
1403636663563555584.000000 5.746024132 5.119390488 -1.459845066 0.822582662 -0.191971108 0.514560640 0.147418618
1403636664013555456.000000 5.911438942 5.117146015 -1.558453441 0.814627290 -0.162503600 0.528043270 0.176480621
1403636664663555584.000000 6.364138126 5.331528664 -1.683601379 0.793753088 -0.164111033 0.570533097 0.132346466
1403636667413555456.000000 7.645629883 6.753077507 -1.611630321 0.798209667 -0.149698630 0.571283221 0.118689828
1403636668813555456.000000 8.200480461 7.165724754 -1.801458597 0.804546118 -0.160705209 0.554966271 0.137447938
1403636669213555456.000000 8.409331322 7.344345570 -1.833727002 0.791330099 -0.167184502 0.573058128 0.132099465
1403636669613555456.000000 8.589038849 7.575914860 -1.889392734 0.782058358 -0.164584816 0.585721433 0.135007441
1403636670013555456.000000 8.675532341 7.857807159 -1.903135419 0.777460456 -0.194095254 0.592440963 0.083042577
1403636670313555456.000000 8.643915176 8.020248413 -1.863451004 0.770175576 -0.202397272 0.603199422 0.044894207
1403636673163555584.000000 6.955243587 5.805753231 -1.351861477 -0.817972243 -0.147365287 -0.551041305 0.074554503
1403636674463555584.000000 7.277650356 6.156135082 -1.413664937 -0.800972760 -0.161938086 -0.561455905 0.130330503
1403636677213555456.000000 8.426844597 8.030442238 -1.842573524 -0.706193686 -0.418387562 -0.498206854 0.279342741
1403636677813555456.000000 8.506513596 8.477270126 -1.929985523 -0.662328422 -0.459142059 -0.479238123 0.347621083
1403636680463555584.000000 8.384049416 9.107983589 -1.597261906 -0.380040556 -0.713975430 -0.337506354 0.481557697
1403636683063555584.000000 6.954109192 7.855171204 -1.480289817 -0.411163777 -0.699713707 -0.309381485 0.495608956
1403636685713555456.000000 5.781344891 6.100830078 -1.547051787 -0.409056932 -0.706813097 -0.298012584 0.494243085
1403636688663555584.000000 4.921757698 4.456140995 -1.896924853 -0.399183273 -0.710449815 -0.299840748 0.495993257
1403636689813555456.000000 4.528925896 3.944615602 -1.895987034 -0.397308737 -0.731887102 -0.240562692 0.498614728
1403636690113555456.000000 4.426449299 3.918277025 -1.842111349 -0.404909432 -0.726300180 -0.237355784 0.502193928
1403636690363555584.000000 4.354150295 3.942958355 -1.805261016 -0.398063183 -0.731186867 -0.252290189 0.493215233
1403636690663555584.000000 4.265721798 4.016103268 -1.761645675 -0.404472172 -0.722036123 -0.243580908 0.505701959
1403636691113555456.000000 4.223177433 4.215468407 -1.805980682 -0.406384528 -0.680339813 -0.235801384 0.562482953
1403636691313555456.000000 4.298591137 4.310943604 -1.795594335 -0.380989701 -0.685027599 -0.269535601 0.559405565
1403636694263555584.000000 5.651375771 4.793577194 -1.029049635 -0.372008175 -0.722448051 -0.265477061 0.518845677
1403636694763555584.000000 5.663297176 4.919036388 -0.994277000 -0.376653075 -0.727064431 -0.261382788 0.511066496
1403636695563555584.000000 5.720934868 5.120601654 -1.000101924 -0.380733520 -0.722956479 -0.272627234 0.507986605
1403636698213555456.000000 5.497763157 4.985324860 -0.973098159 -0.461448729 -0.678346515 -0.326483309 0.469382256
1403636700963555584.000000 5.076863289 4.316231251 -1.451454878 -0.734148085 -0.361077696 -0.509391069 0.266777486
1403636703563555584.000000 5.877768517 4.144079685 -1.837761879 -0.768634975 -0.282988608 -0.535899460 0.204766899
1403636704863555584.000000 6.459381580 4.241090298 -1.953004360 -0.782692909 -0.306525946 -0.505484521 0.194728240
1403636705363555584.000000 6.761627197 4.421949387 -2.035914421 -0.763590217 -0.307893991 -0.530014694 0.203016266
1403636705763555584.000000 7.009698391 4.656695366 -2.080536842 -0.770048320 -0.306995392 -0.521815181 0.201216996
1403636706663555584.000000 7.592038631 5.214501858 -2.182018995 -0.759510577 -0.315610915 -0.531866908 0.201620951
1403636706963555584.000000 7.773437023 5.404962063 -2.205317736 -0.766232312 -0.312463671 -0.525437236 0.197915033
1403636707513555456.000000 8.074775696 5.809973240 -2.116134405 -0.768598020 -0.301112294 -0.531101942 0.191099748
1403636707813555456.000000 8.223899841 6.066812992 -2.038229704 -0.775468290 -0.290735722 -0.521830976 0.204484746
1403636710363555584.000000 9.249470711 7.888051987 -2.287202835 -0.757195413 -0.300106734 -0.542560101 0.205474451
1403636713163555584.000000 8.333697319 8.764298439 -2.100099087 -0.679277897 -0.430269837 -0.503220141 0.316573948
1403636716013555456.000000 7.120210171 7.715278149 -1.685729742 -0.618040502 -0.506267190 -0.463508487 0.383248627
1403636718763555584.000000 6.410797119 6.414423943 -1.737020493 -0.489653319 -0.657108426 -0.320953816 0.474801928
1403636721613555456.000000 5.823758602 5.265295982 -1.953742743 -0.548973083 -0.600713730 -0.385308892 0.435096145
1403636724163555584.000000 5.720592976 4.303484917 -1.970943332 -0.611422122 -0.550812602 -0.419644922 0.382970899
1403636726763555584.000000 5.468922138 3.697731018 -1.641222596 -0.646441638 -0.490149796 -0.445165634 0.379069895
1403636729513555456.000000 4.987433434 2.847784996 -1.106967807 -0.589790225 -0.554892719 -0.430921257 0.398181379
1403636732013555456.000000 4.367080688 2.145945787 -1.041510344 -0.599614143 -0.554425895 -0.419544071 0.396305084
1403636734613555456.000000 3.797582626 1.168333411 -0.877857924 -0.592879832 -0.570005596 -0.413373619 0.390780479
1403636737563555584.000000 2.958849907 0.485742331 -0.672479272 -0.556214273 -0.605017006 -0.384171337 0.420704871
1403636738563555584.000000 2.762650728 0.400662810 -0.459285915 -0.571814060 -0.593426526 -0.384474486 0.415996403
1403636741213555456.000000 3.178784847 0.356369615 -1.020598888 -0.695771158 -0.412873507 -0.513724566 0.285526127
1403636743963555584.000000 3.591242313 0.565853059 -1.721653342 -0.721137226 -0.383755058 -0.506868660 0.275276929
1403636746663555584.000000 4.042975903 0.955881774 -2.483140469 -0.740224779 -0.353644848 -0.513692498 0.251242280
1403636749563555584.000000 3.960752249 1.530767322 -1.872568130 -0.739674151 -0.334509432 -0.534841359 0.234372512
1403636750063555584.000000 3.990829468 1.536534429 -1.767616987 -0.726082683 -0.335524648 -0.545423985 0.250479192
1403636752963555584.000000 3.709114075 1.411571980 -0.654228032 -0.657021105 -0.486599684 -0.470520556 0.331895262
1403636755563555584.000000 2.883167505 1.041318297 -0.551910758 -0.541212082 -0.623351276 -0.383607000 0.413966566
1403636756413555456.000000 2.364195108 0.779299915 -0.508440018 -0.537020445 -0.610471725 -0.393860430 0.428727448
1403636756813555456.000000 2.113355875 0.632960439 -0.505519688 -0.535059750 -0.610204220 -0.391579390 0.433621407
1403636757213555456.000000 1.871703982 0.447407424 -0.483813256 -0.534237742 -0.609360218 -0.389072359 0.438055843
1403636757613555456.000000 1.633303165 0.233998626 -0.506677032 -0.531431377 -0.627114534 -0.379658371 0.424461693
1403636758013555456.000000 1.362660170 0.053698692 -0.420743793 -0.522632837 -0.643282235 -0.359376073 0.428826094
1403636758513555456.000000 1.018881083 -0.106706321 -0.337222040 -0.530549884 -0.637046874 -0.341322005 0.442930430
1403636759063555584.000000 0.730148733 -0.176973939 -0.367010087 -0.521567166 -0.626440525 -0.358950049 0.454637080
1403636759413555456.000000 0.630711973 -0.187965989 -0.471205384 -0.528531730 -0.615169346 -0.345457822 0.472101420
1403636759713555456.000000 0.617054045 -0.209074408 -0.583336353 -0.511293054 -0.629368961 -0.367463678 0.455460846
1403636759913555456.000000 0.610615432 -0.236231193 -0.597452641 -0.513554513 -0.630418956 -0.363442987 0.454689980
1403636760413555456.000000 0.601910353 -0.300360084 -0.630231380 -0.512740314 -0.629294336 -0.366170526 0.454978257
1403636760763555584.000000 0.594775438 -0.347008318 -0.657666206 -0.514455140 -0.642844141 -0.362455398 0.436707497
1403636761063555584.000000 0.572611570 -0.373396426 -0.706059635 -0.512535930 -0.643696308 -0.363745391 0.436636358
1403636761513555456.000000 0.497697711 -0.396030426 -0.766778529 -0.516079843 -0.643355131 -0.358990431 0.436900198
1403636761863555584.000000 0.431394339 -0.390046090 -0.754153967 -0.523150444 -0.624650180 -0.352277398 0.460463405
1403636762313555456.000000 0.398696989 -0.392899811 -0.700811744 -0.513001323 -0.650292158 -0.370590955 0.420252502
1403636762663555584.000000 0.336261243 -0.378865659 -0.746457398 -0.538118839 -0.619257271 -0.335505933 0.463016629
1403636762863555584.000000 0.321898073 -0.366331637 -0.790796101 -0.516288221 -0.605962873 -0.364841044 0.482852519
1403636763163555584.000000 0.356821895 -0.420909226 -0.837287724 -0.546950400 -0.595900416 -0.378911674 0.449637711
1403636763363555584.000000 0.374575227 -0.449700832 -0.937260687 -0.558823466 -0.597714126 -0.365399480 0.443776429
1403636763563555584.000000 0.378836095 -0.472294092 -1.025006533 -0.558906674 -0.597844124 -0.365379959 0.443512350
1403636763763555584.000000 0.378130794 -0.485205144 -1.112857938 -0.558617234 -0.598130524 -0.365526348 0.443370193
