#Stereo rect[ms], MP culling[ms], MP creation[ms], LBA[ms], KF culling[ms], Total[ms]
9.155936,0.054977,0.601482,0.014560,0.014560,9.839084
9.741482,0.096706,1.351832,0.004992,0.004992,11.199812
10.053008,0.129154,1.656829,0.392583,0.392583,24.581998
10.506136,0.131426,2.223207,0.654860,0.654860,32.087890
10.810013,0.054337,2.804625,0.909776,0.909776,29.672455
11.163172,0.037344,3.460381,1.221973,1.221973,36.692578
11.579627,0.036097,4.046374,1.509082,1.509082,36.671362
11.805263,0.051233,4.946582,2.009603,2.009603,60.230206
12.359800,0.056193,5.577282,2.306888,2.306888,61.840762
12.755839,0.046017,6.757526,96.607259,96.607259,144.884552
12.939331,0.043872,8.953885,2.262696,2.262696,59.173036
9.254882,0.060417,0.710796,0.005216,0.005216,10.035151
9.675722,0.198979,1.846208,0.004928,0.004928,11.729294
10.272372,0.385127,11.135619,0.252965,0.252965,41.843517
10.846046,0.536809,16.310494,0.647819,0.647819,58.516128
12.023539,0.585578,17.206925,0.960272,0.960272,63.373781
11.558858,0.531753,23.134549,1.204789,1.204789,74.931999
11.318022,0.566122,20.702283,1.227989,1.227989,71.203742
11.183939,0.366087,15.452078,1.060051,1.060051,66.117029
12.308599,0.383111,34.486140,1.373208,1.373208,88.372586
12.492474,0.574634,38.663973,68.950295,68.950295,163.933621
13.317129,0.495561,44.199205,1.615357,1.615357,114.824602
12.369016,0.601387,31.939919,1.727454,1.727454,91.935593
11.942161,0.492489,26.861398,1.542619,1.542619,95.622793
11.661228,0.290534,23.307767,1.393209,1.393209,76.708703
12.969347,0.239172,30.543479,1.868225,1.868225,93.144702
14.067287,0.338566,46.822035,2.064004,2.064004,118.469978
14.831268,0.563434,51.354914,2.363785,2.363785,125.994589
15.339788,0.480681,52.840316,2.628046,2.628046,132.278411
17.445329,0.630859,55.319592,2.985396,2.985396,139.554122
16.895016,0.563594,47.019575,2.974196,2.974196,141.247304
15.332396,0.452904,33.436553,3.295770,3.295770,121.308267
15.035943,0.354214,35.160520,4.237163,4.237163,134.082923
16.568706,0.260484,42.653035,4.671730,4.671730,134.377136
12.137301,0.399783,54.145524,4.386796,4.386796,289.978995
18.890635,0.486184,54.956610,4.136392,4.136392,150.882545
18.045084,0.377446,43.188180,4.374637,4.374637,135.421602
14.439677,0.370246,40.794570,3.860579,3.860579,133.132538
14.904836,0.209188,35.015013,4.079015,4.079015,127.681594
15.951704,0.237156,52.477942,3.846947,3.846947,146.028060
15.751187,0.107970,47.570817,3.622816,3.622816,131.592639
15.701971,0.105186,45.611358,3.817986,3.817986,138.165746
9.478598,0.053569,0.643083,0.005344,0.005344,10.184626
9.907246,0.132578,1.198837,0.005024,0.005024,11.247077
10.167601,0.177220,1.916449,0.497513,0.497513,28.492626
10.576377,0.164355,2.297832,0.773485,0.773485,32.729052
10.901630,0.066722,2.879250,0.975633,0.975633,38.548258
11.283077,0.040385,3.191192,1.324663,1.324663,44.124132
11.572778,0.026241,3.648863,1.566460,1.566460,36.762243
11.980786,0.026848,4.791540,2.204519,2.204519,42.329541
12.434873,0.048961,5.069977,2.532653,2.532653,46.729490
12.821281,0.043841,5.891527,67.257433,67.257433,124.579653
13.185415,0.038048,6.922873,2.826993,2.826993,65.207573
9.345220,0.056449,0.657771,0.005088,0.005088,10.069360
9.896782,0.137634,1.226037,0.004480,0.004480,11.268710
10.051120,0.171971,1.765727,0.499785,0.499785,25.753027
10.501335,0.172099,2.236232,0.748077,0.748077,33.006337
10.840222,0.050721,2.860562,0.985714,0.985714,37.062281
11.307526,0.051617,3.273273,1.307415,1.307415,39.136173
11.573258,0.050241,3.765058,1.568156,1.568156,39.382385
11.984114,0.032448,4.340300,1.911937,1.911937,44.417737
12.303095,0.033856,4.937879,2.123333,2.123333,70.378511
12.820288,0.033761,5.962376,81.966266,81.966266,146.173054
13.539309,0.034944,6.638292,3.050934,3.050934,66.228167
9.290274,0.050177,0.556042,0.005376,0.005376,9.909133
9.347364,0.180387,1.207541,0.004992,0.004992,10.744412
9.712490,0.336294,2.240167,0.379398,0.379398,24.482988
10.229235,0.330406,11.426024,0.585322,0.585322,40.118270
10.748540,0.468776,16.099130,0.801134,0.801134,54.257749
10.925759,0.417192,19.723833,0.906928,0.906928,56.020949
11.699917,0.564906,26.407886,0.958513,0.958513,74.323253
12.376504,0.623691,30.975678,1.212277,1.212277,83.966237
8.854907,0.448168,29.569158,1.350487,1.350487,80.953161
9.669673,0.466152,29.575558,44.323400,44.323400,125.611190
13.205831,0.494761,42.749836,1.384600,1.384600,114.100973
13.653487,0.517577,51.290881,1.596028,1.596028,118.381559
14.294810,0.514697,48.999609,1.631005,1.631005,110.737586
14.358907,0.458728,52.323604,1.814528,1.814528,128.696364
15.473391,0.629803,55.015939,2.469579,2.469579,131.815747
15.490191,0.665324,56.038740,2.061124,2.061124,206.613440
15.663154,0.635371,62.884268,2.488204,2.488204,157.102813
16.072057,0.555178,61.270992,2.763505,2.763505,151.809121
16.940936,0.623787,56.797378,2.775600,2.775600,148.314691
17.133931,0.508137,67.699585,3.196664,3.196664,187.043273
12.069107,0.329702,47.876774,3.382587,3.382587,174.402988
11.353255,0.463880,42.561833,5.085049,5.085049,148.669354
9.609576,0.273157,29.827242,4.694674,4.694674,142.575391
8.981566,0.268900,26.374542,4.788820,4.788820,134.863865
14.618048,0.546890,51.064349,3.861316,3.861316,165.346222
14.951781,0.615979,50.581429,3.988870,3.988870,188.753799
10.839358,0.532361,37.508689,4.325644,4.325644,180.192498
11.279749,0.591211,50.004619,5.274301,5.274301,191.584441
11.315622,0.409223,34.631518,8.065453,8.065453,164.038871
8.427828,0.377575,21.398262,5.302301,5.302301,147.287346
16.146842,0.552906,39.935579,5.899399,5.899399,186.128633
13.819314,0.688172,43.279637,4.727954,4.727954,183.377641
9.360932,0.511593,32.567066,4.302027,4.302027,185.933750
12.110420,0.756334,33.608684,5.601090,5.601090,197.981225
13.741329,0.734701,43.349398,4.249514,4.249514,195.401468
13.412459,0.831758,43.957954,6.814360,6.814360,201.639593
13.041988,0.717677,42.171170,3.790179,3.790179,195.500318
11.440392,0.908784,39.277263,3.762594,3.762594,193.588028
7.625413,0.516489,28.705271,4.243882,4.243882,174.881332
8.141967,0.576010,32.208275,4.994935,4.994935,184.865987
9.388388,0.639787,27.836583,3.592255,3.592255,187.660276
9.442949,0.776302,33.494570,4.921143,4.921143,202.035152
13.143494,0.895663,44.944147,4.601584,4.601584,212.838412
8.547158,0.730988,22.430889,5.640675,5.640675,170.830254
12.475962,0.764206,33.538059,5.016952,5.016952,192.387719
13.879795,0.894512,44.399433,6.162892,6.162892,229.527825
8.423475,0.552490,19.971646,5.240955,5.240955,200.530613
14.036629,1.007026,47.243131,7.300768,7.300768,221.947692
13.281000,0.821358,38.279934,6.252686,6.252686,204.678238
11.452616,0.656684,29.067388,6.734550,6.734550,193.425625
9.352452,0.724813,30.182896,7.600773,7.600773,192.157091
10.155666,0.721164,27.966442,4.109096,4.109096,201.989359
10.432630,0.845263,28.530739,4.276267,4.276267,183.411081
8.278064,0.846191,26.577649,5.638627,5.638627,176.060105
8.317298,0.827246,24.845619,6.994427,6.994427,177.290623
7.951724,0.926064,23.915938,6.634740,6.634740,178.150062
8.529270,0.731724,33.187141,6.489169,6.489169,187.815863
7.541060,0.682380,19.822139,6.571443,6.571443,159.741355
7.028507,0.677708,18.987404,7.355585,7.355585,155.230333
9.034046,0.945009,29.821737,6.758807,6.758807,606.060334
9.603400,2.155813,43.578395,2.158085,2.158085,185.936949
9.905197,1.173812,41.858365,2.132069,2.132069,174.649360
9.868685,0.720653,46.874964,4.994423,4.994423,186.383966
9.782668,0.930448,35.759922,4.421325,4.421325,161.206438
6.179437,0.531337,20.011006,5.067513,5.067513,136.670872
6.176364,0.524329,22.708749,4.374796,4.374796,138.730555
7.447906,0.408103,24.653200,5.149882,5.149882,142.770658
8.118671,0.303365,27.372575,5.423999,5.423999,147.577751
12.309016,0.423879,44.748015,3.976998,3.976998,176.095402
11.756590,0.486632,52.232498,4.531151,4.531151,193.952322
11.961745,0.447816,43.375063,4.729395,4.729395,190.203552
9.318083,0.521289,38.792103,5.651619,5.651619,173.653887
9.677161,0.705868,38.854888,4.788404,4.788404,172.871217
9.289027,0.707052,37.471504,6.854360,6.854360,162.834658
10.070928,0.583146,41.598776,6.495026,6.495026,181.829326
11.858224,0.910895,40.026301,5.931400,5.931400,189.410355
15.109608,0.740173,55.251495,6.860056,6.860056,198.052969
11.678509,0.769357,41.581720,6.325007,6.325007,200.838779
12.233910,0.974257,40.855627,6.585011,6.585011,179.266177
8.793338,0.623627,30.662040,8.899964,8.899964,167.545620
12.704575,1.069906,45.971237,8.080302,8.080302,187.619188
14.971942,1.188565,51.476869,9.698058,9.698058,207.735283
11.436136,0.940625,42.339973,10.003791,10.003791,191.176178
15.804853,1.396056,62.186688,12.001458,12.001458,228.244410
15.231499,1.323543,62.143135,11.550954,11.550954,225.261894
9.600744,0.922353,46.282505,6.727829,6.727829,207.497584
8.740473,0.994706,37.370350,10.466839,10.466839,198.866200
6.161772,0.897904,24.126214,9.335747,9.335747,194.787761
10.674651,1.174452,43.828063,13.045733,13.045733,220.106252
7.826921,0.565194,23.401434,12.624349,12.624349,185.511055
8.769626,0.591082,27.518529,10.932063,10.932063,191.209554
9.344420,0.673259,32.229204,9.148960,9.148960,202.399414
6.861080,0.499240,26.326957,8.259856,8.259856,196.274730
6.904121,0.624331,25.736323,8.013100,8.013100,202.720604
7.203006,0.399783,28.193998,12.934978,12.934978,199.269312
6.010505,0.540106,22.749166,11.843536,11.843536,189.757913
7.817353,0.515369,28.658326,11.262149,11.262149,201.609032
11.394343,0.818735,41.148592,7.536868,7.536868,227.437484
10.509720,0.822671,42.459783,12.239702,12.239702,243.423140
7.335584,0.582058,23.896643,9.878060,9.878060,205.695728
8.906171,0.721485,27.713285,14.012213,14.012213,208.849990
8.528950,0.563273,28.817145,14.621952,14.621952,211.499541
8.366963,0.865103,28.094188,11.768878,11.768878,203.262309
7.619397,0.543210,28.644725,11.427720,11.427720,200.162479
8.200815,0.576650,29.696648,16.300445,16.300445,207.973367
15.973431,1.046066,51.264098,15.520336,15.520336,238.944533
16.290717,1.051762,58.816390,12.999779,12.999779,263.278527
10.094609,0.722925,37.421935,18.848426,18.848426,218.762773
16.404063,1.008690,65.255126,16.392831,16.392831,268.737375
9.810187,0.703277,39.342064,13.718992,13.718992,215.431258
17.577459,0.923601,59.738069,20.533864,20.533864,249.314091
17.763351,0.923536,65.288535,14.874757,14.874757,262.445265
15.378317,0.781710,57.401580,17.415857,17.415857,261.224667
10.550553,0.723212,40.313666,16.237212,16.237212,218.085064
12.492122,0.834575,44.242694,12.270391,12.270391,224.413591
12.974979,0.838959,44.535147,12.721503,12.721503,234.188738
13.896788,0.876239,46.525774,15.920215,15.920215,237.478044
14.228697,0.900496,47.795812,11.802414,11.802414,237.552989
10.653627,0.789870,39.706679,11.867920,11.867920,227.822707
16.303806,1.039282,63.422422,12.736670,12.736670,265.211842
11.723693,0.710540,44.737263,11.022369,11.022369,254.078750
10.596922,0.614698,41.754011,15.079304,15.079304,235.828703
18.131101,0.768174,62.610503,14.951398,14.951398,275.502293
10.544345,0.647723,41.886141,17.457778,17.457778,243.133343
12.036723,0.578026,44.528715,11.542346,11.542346,268.783136
17.416144,0.845487,65.192885,17.634964,17.634964,283.147035
14.257881,0.887312,55.004739,14.943686,14.943686,279.094388
18.899019,1.098227,62.488485,18.554277,18.554277,284.769975
17.861976,1.129588,61.822714,19.135823,19.135823,287.929038
19.623959,1.176789,70.558898,22.545547,22.545547,290.713919
10.645594,0.686252,47.586305,25.249562,25.249562,259.699169
12.250038,0.861967,55.147269,23.451034,23.451034,265.992686
12.731519,0.617611,53.883886,24.933684,24.933684,294.551490
10.338933,0.970225,42.579881,20.719115,20.719115,258.083461
20.074047,1.042258,70.151180,24.913812,24.913812,302.872020
10.785533,0.654091,43.055666,24.096581,24.096581,261.169786
12.814016,0.444168,49.744422,22.359047,22.359047,276.338851
20.270595,1.018418,68.438254,25.373212,25.373212,301.999781
15.951543,0.698157,55.895954,25.522623,25.522623,299.697949
20.544999,0.843631,74.769341,30.555190,30.555190,318.435684
18.099229,0.866607,63.667290,25.431197,25.431197,312.540253
11.770766,0.597738,45.343770,28.149644,28.149644,288.393462
11.298182,0.700652,43.479193,33.858320,33.858320,290.281688
12.303511,0.665420,42.858990,27.299166,27.299166,285.890059
12.997539,0.671052,51.740650,31.309444,31.309444,296.749065
23.219127,0.876111,91.240381,21.459639,21.459639,334.655200
23.743615,0.704973,73.001373,31.152577,31.152577,321.137363
24.187592,0.640235,75.357831,27.358559,27.358559,318.631016
14.275290,0.421352,53.780781,21.521816,21.521816,283.838247
15.587409,0.514473,62.887533,25.011638,25.011638,282.177802
21.631707,0.616043,80.454848,23.307224,23.307224,308.751099
17.804344,0.571338,65.845120,22.184740,22.184740,291.367083
21.586106,0.584266,76.423705,18.974156,18.974156,310.659292
20.591752,0.720205,73.219233,18.301056,18.301056,305.655844
20.392357,0.856687,67.696416,24.595022,24.595022,314.330492
12.914274,0.648395,46.125607,19.634295,19.634295,276.121120
11.963858,0.718572,42.906319,24.335658,24.335658,277.027216
10.085105,0.627147,40.267264,23.029907,23.029907,260.960311
10.509432,0.479144,41.548727,17.971291,17.971291,264.479220
13.701744,0.593099,50.094508,17.463442,17.463442,299.357015
10.451767,0.662380,42.032927,21.733852,21.733852,278.583179
18.866762,0.693068,58.970216,18.082524,18.082524,292.714818
17.104747,0.815247,64.803021,13.880562,13.880562,293.880342
14.031862,0.692012,48.046313,14.751234,14.751234,280.830739
9.262018,0.607050,35.336235,18.306496,18.306496,247.264198
17.489490,0.702476,68.035271,14.929957,14.929957,298.495847
12.723711,0.620235,48.436143,14.745538,14.745538,272.033016
19.534614,0.673259,57.615889,16.834791,16.834791,294.193724
16.414367,0.632939,51.173983,20.743563,20.743563,287.429605
13.691728,0.622027,45.215927,17.812184,17.812184,294.673317
9.972495,0.511145,36.769539,18.939755,18.939755,270.254713
10.818877,0.621611,40.843531,21.796798,21.796798,269.668207
11.087074,0.625195,41.605880,24.459820,24.459820,275.990558
15.613809,0.659051,52.880702,23.063124,23.063124,281.808707
13.714992,0.642539,53.182211,21.783933,21.783933,278.408232
9.351075,0.469320,38.439009,22.419048,22.419048,278.121314
9.794379,0.461640,37.165835,20.476071,20.476071,269.382474
18.114237,0.592650,53.052832,24.205640,24.205640,275.232496
8.874107,0.299910,33.399912,23.417626,23.417626,242.547316
12.269014,0.586155,49.251933,22.160900,22.160900,276.854860
10.064720,0.603179,42.010271,28.086060,28.086060,251.326254
17.318991,1.121460,68.885205,21.718236,21.718236,212.252866
19.085166,0.739021,78.863108,30.966334,30.966334,305.417152
16.770438,1.357847,67.500765,28.608533,28.608533,216.519693
13.346570,0.649579,54.828256,25.850084,25.850084,275.909724
10.097905,0.842414,43.403000,18.066748,18.066748,255.300019
17.102987,1.070163,71.574564,19.575031,19.575031,290.652318
10.794653,0.738669,46.426956,19.258289,19.258289,269.044068
15.186089,0.959025,59.310382,15.618993,15.618993,273.182220
14.940005,1.030450,56.565534,18.406018,18.406018,204.424441
11.762670,0.637739,46.028741,19.495509,19.495509,270.930085
14.042870,1.367256,47.393981,9.223745,9.223745,175.306300
11.830511,1.715966,50.221422,14.354235,14.354235,268.047474
8.252848,1.290647,29.363458,8.632119,8.632119,131.270393
10.881438,0.771566,41.324915,14.409596,14.409596,241.080762
9.751594,0.972753,39.140557,9.580072,9.580072,234.811981
14.092918,0.879568,61.835802,11.813519,11.813519,281.161624
11.273317,0.736461,61.120621,12.204566,12.204566,265.918061
8.925788,0.481385,36.370236,12.369816,12.369816,228.037974
14.494237,0.740749,50.722456,12.780800,12.780800,268.078451
17.967738,0.768398,68.262826,13.843858,13.843858,281.827107
20.118848,0.844335,67.751937,14.695521,14.695521,286.198256
20.693035,0.692684,61.507220,18.005084,18.005084,292.204890
11.856175,0.534250,39.788024,13.059652,13.059652,234.837901
20.390821,0.667788,54.745502,14.212568,14.212568,279.818688
21.882719,0.665548,64.973585,15.572432,15.572432,278.673196
22.215365,0.845039,69.789925,13.357002,13.357002,287.360421
16.735908,0.638636,63.820956,13.237800,13.237800,290.497755
13.402827,0.526889,40.575654,17.699734,17.699734,238.327627
16.432703,0.393159,46.195208,16.249788,16.249788,247.098019
26.827093,0.631211,70.349487,16.536129,16.536129,286.090702
27.729637,0.449512,85.346934,18.523844,18.523844,329.748554
29.419714,0.459336,68.403437,13.128997,13.128997,285.955179
30.215473,0.410247,85.151794,13.339210,13.339210,321.411224
27.230492,0.530442,67.458300,20.845613,20.845613,298.540808
32.100530,0.487593,72.794009,18.448099,18.448099,294.998794
21.783069,0.364679,67.392827,17.372112,17.372112,281.003925
32.266389,0.494344,77.992757,22.405128,22.405128,310.610459
14.386236,0.357414,42.858094,18.904299,18.904299,277.466231
26.342476,0.612555,67.201912,17.928441,17.928441,299.343989
26.479471,0.634635,68.972823,18.288864,18.288864,301.913283
14.151895,0.455496,48.315054,18.268992,18.268992,265.165472
18.536805,0.613002,52.117392,17.918170,17.918170,275.995998
14.731841,0.539754,49.161852,16.532705,16.532705,267.487144
13.065093,0.490504,40.744137,12.936515,12.936515,252.184701
14.513790,0.494953,43.214164,15.687443,15.687443,271.603697
12.654557,0.624363,42.458151,16.510369,16.510369,260.718002
12.591676,0.561834,38.112443,15.426446,15.426446,255.509783
20.665641,0.777550,59.598067,15.676755,15.676755,283.526561
9.946158,0.471656,34.177174,14.340443,14.340443,241.091226
19.321042,0.516137,63.597145,12.493339,12.493339,281.102999
11.908017,0.653515,40.417379,13.215240,13.215240,241.430529
12.946691,0.516841,43.373911,11.168996,11.168996,240.628211
13.603470,0.622475,45.649246,13.184487,13.184487,254.854059
10.961152,0.506825,37.082889,12.337624,12.337624,236.535947
13.569709,0.587307,45.879778,14.326747,14.326747,246.372951
16.352158,0.608235,50.605845,12.009906,12.009906,254.587143
17.976763,0.740781,58.057016,13.166503,13.166503,258.743440
17.198637,0.650027,53.374726,9.918669,9.918669,260.286570
11.408968,0.540873,39.316272,12.053459,12.053459,235.230196
16.738725,0.553033,49.593284,12.531707,12.531707,263.144604
14.803715,0.968177,54.923617,12.932610,12.932610,266.093744
14.041750,0.917584,50.857658,11.769678,11.769678,268.272855
8.974493,0.814638,52.255123,13.189606,13.189606,253.591477
13.763441,0.853551,62.191200,13.067621,13.067621,273.438993
10.775036,0.758830,58.517216,15.487663,15.487663,271.297899
14.183384,0.973393,57.659537,10.101009,10.101009,251.738357
13.903795,0.930577,52.662617,13.928371,13.928371,242.343056
14.568127,0.893359,64.989745,10.413910,10.413910,260.501102
10.948864,0.599498,46.448589,13.942484,13.942484,225.213381
13.388170,0.671052,49.650629,14.547039,14.547039,234.088512
11.306214,0.494473,45.413978,14.438717,14.438717,227.835155
13.278568,1.560891,60.403265,12.786432,12.786432,256.778765
11.570411,0.811470,62.755946,11.845807,11.845807,259.030421
9.366020,0.773901,38.904041,16.574978,16.574978,229.295628
17.398352,1.005618,71.037595,20.104256,20.104256,285.630406
10.988320,0.726957,42.979152,13.568941,13.568941,239.418589
17.697557,1.034770,65.760479,16.899016,16.899016,275.042668
18.756040,0.782574,66.396202,15.040615,15.040615,291.441003
12.182837,0.517737,40.050653,15.300844,15.300844,233.379220
15.070120,0.366470,46.061382,16.662947,16.662947,250.795268
13.112517,0.385959,51.573991,16.751877,16.751877,259.800770
11.573867,0.342790,43.757342,17.830808,17.830808,240.438544
18.119645,0.319237,61.195215,19.604983,19.604983,283.651971
13.145638,0.330310,46.207848,24.086693,24.086693,283.076217
12.724255,0.270341,45.051028,21.115058,21.115058,245.335685
13.030308,0.387335,42.326245,14.253625,14.253625,236.406569
27.421440,0.468584,78.578847,16.887976,16.887976,300.601580
27.966057,0.485961,69.087705,16.770885,16.770885,286.224208
23.251351,0.299205,57.928534,16.899847,16.899847,271.468110
30.735354,0.367558,83.416244,16.183707,16.183707,312.485052
24.082981,0.284261,60.060667,14.367131,14.367131,301.026003
17.110988,0.251300,45.675039,16.967369,16.967369,259.558686
21.841694,0.308869,47.089592,18.277664,18.277664,267.924560
20.463494,0.206404,47.616353,19.123087,19.123087,289.502890
16.352670,0.271717,42.312260,17.698965,17.698965,263.189309
18.205567,0.228324,45.979940,18.071260,18.071260,291.873779
32.111090,0.444199,64.288453,21.607354,21.607354,310.100818
29.243424,0.421191,55.423594,18.981900,18.981900,302.536366
15.830517,0.249093,37.522640,20.169985,20.169985,261.459295
33.232933,0.372359,59.434736,18.620038,18.620038,302.429324
16.453024,0.231140,41.725114,17.899129,17.899129,262.079786
33.772047,0.325286,79.353996,18.910187,18.910187,322.142533
16.097146,0.181251,40.384515,19.939421,19.939421,260.395148
23.638782,0.225028,44.337960,18.884106,18.884106,272.150170
34.622718,0.378311,77.945491,20.888014,20.888014,348.368400
15.830677,0.255396,39.178478,23.161173,23.161173,284.031529
15.816276,0.274437,41.050702,19.833659,19.833659,272.321916
15.580593,0.269029,35.519565,25.874693,25.874693,279.496603
31.614217,0.386247,67.074485,27.576323,27.576323,310.211444
17.911801,0.251396,53.175875,30.013645,30.013645,284.069994
12.087891,0.287653,38.159804,32.768189,32.768189,269.556364
13.622798,0.484169,45.808577,34.263992,34.263992,288.831198
21.900928,0.780333,81.679189,30.435285,30.435285,361.620152
25.855876,0.811598,92.073964,37.718004,37.718004,372.357075
19.428980,0.516297,66.188102,25.809412,25.809412,341.188466
15.839670,0.415111,59.777622,30.386483,30.386483,338.576548
13.934196,0.470312,53.619627,29.819882,29.819882,328.440883
14.086423,0.496873,52.406324,23.620861,23.620861,330.689050
12.829313,0.509897,54.795806,20.844301,20.844301,350.846555
17.615092,0.605003,64.329318,20.526663,20.526663,368.839094
18.217566,0.643500,66.376649,19.062669,19.062669,352.379925
13.193415,0.620235,54.669564,23.685375,23.685375,347.480992
17.798391,0.736909,60.781703,25.118872,25.118872,371.456675
19.410964,0.763085,66.574061,23.695775,23.695775,377.097062
12.365464,0.629483,48.444496,27.119258,27.119258,360.442370
12.947683,0.636811,50.466771,23.193589,23.193589,376.639582
21.234292,1.278294,90.413518,24.457164,24.457164,431.695234
14.420444,0.984594,59.875895,22.143523,22.143523,382.943020
16.179067,1.341079,58.958504,23.164182,23.164182,377.142023
13.920916,1.266582,52.856445,25.719522,25.719522,373.198978
17.500946,1.218485,61.677720,18.118653,18.118653,372.429332
18.196799,1.395960,61.725624,27.132091,27.132091,369.479617
17.852280,1.318039,71.422466,31.716331,31.716331,368.315372
22.424168,0.880367,77.703760,34.847554,34.847554,383.747322
25.772226,0.897168,96.406039,38.698629,38.698629,403.954043
29.088380,0.992786,79.228618,34.837729,34.837729,387.655646
13.570253,0.527113,45.586590,36.099223,36.099223,329.070365
24.591662,0.794830,71.642533,40.713929,40.713929,366.131494
12.569660,0.432039,49.205853,29.723432,29.723432,320.582153
14.773634,0.772974,58.437246,33.537579,33.537579,334.745761
11.839791,0.525609,49.950826,33.612300,33.612300,322.515147
10.492856,0.558570,46.700081,34.998884,34.998884,315.766421
11.988466,0.636843,53.753644,31.280356,31.280356,323.524157
11.676908,0.559850,46.408908,33.595084,33.595084,314.361148
11.623627,0.629099,48.613746,27.518786,27.518786,310.080049
12.656958,0.636171,46.419468,29.521124,29.521124,307.494852
16.773190,0.540617,58.756868,26.067944,26.067944,321.585947
23.158229,1.251990,76.390712,33.868401,33.868401,350.126222
12.941154,0.450280,51.345891,28.942555,28.942555,318.104606
21.844158,0.781806,68.492558,39.334160,39.334160,346.012102
12.771167,0.605611,55.428873,36.686882,36.686882,318.863147
17.933689,0.726861,68.612785,35.042341,35.042341,330.363604
15.955831,0.654860,62.272385,47.197977,47.197977,340.035005
16.778565,0.717453,64.909583,38.066362,38.066362,330.064079
12.305271,0.652428,54.329750,37.342190,37.342190,320.119969
13.315017,0.727212,51.607623,27.812583,27.812583,322.634061
20.645673,1.226998,76.723870,33.341479,33.341479,357.108744
10.649691,0.791406,46.886388,30.059246,30.059246,307.415171
11.710157,1.015442,51.477957,31.627145,31.627145,314.404381
15.246954,1.078195,55.707567,21.734589,21.734589,314.986759
17.662997,1.555260,73.626568,48.354510,48.354510,363.880223
13.189511,1.256022,52.148880,27.452672,27.452672,336.040535
10.719387,1.120308,42.594953,27.283805,27.283805,293.505615
16.562562,1.435769,65.837600,26.402541,26.402541,319.701561
12.747007,0.975793,55.348072,24.196328,24.196328,297.209072
13.960852,0.851311,52.937022,25.403356,25.403356,299.748892
12.168661,0.731405,46.439276,26.679571,26.679571,300.804911
13.156230,0.681932,47.051607,27.338366,27.338366,315.420558
26.325708,0.695020,71.088252,26.120201,26.120201,362.894509
19.937053,0.606122,78.925701,18.122526,18.122526,370.813528
14.559967,0.413895,45.714080,17.750135,17.750135,333.028739
18.953804,0.485288,58.211227,26.933399,26.933399,380.589923
29.891819,0.548489,73.981551,26.872631,26.872631,385.565626
30.659960,0.468521,80.540289,19.336914,19.336914,389.914918
30.587863,0.451240,90.292875,20.132704,20.132704,401.824374
19.185775,0.342182,53.584298,21.649627,21.649627,349.670406
36.201882,0.433415,90.397806,22.552170,22.552170,411.175514
27.873543,0.378887,75.797230,25.407133,25.407133,376.896130
37.941688,0.445480,99.507757,24.277001,24.277001,409.938021
29.643110,0.466088,72.157455,17.828728,17.828728,370.057994
20.648970,0.384806,52.288371,18.473187,18.473187,339.587350
32.349046,0.562954,97.811695,27.983690,27.983690,394.184753
31.105568,0.551978,93.048860,26.563249,26.563249,426.001854
30.732698,0.677612,91.245628,25.277178,25.277178,393.680264
14.434557,0.457960,53.460263,33.322471,33.322471,345.661760
24.417163,0.481160,67.976101,27.711621,27.711621,362.779659
14.706850,0.374598,50.246607,34.409978,34.409978,351.103743
15.936535,1.037202,52.905438,26.355437,26.355437,329.306914
16.510496,0.775982,54.437688,26.794037,26.794037,347.375613
8.765433,0.579402,29.636967,13.479564,13.479564,291.743312
15.993592,0.989489,59.824247,15.023655,15.023655,335.999351
13.557070,0.689068,43.021040,20.161697,20.161697,310.733565
16.237916,0.704204,59.485649,18.658375,18.658375,329.777130
16.233852,0.654668,49.477154,18.295808,18.295808,308.530358
9.912334,0.457000,28.101227,24.016773,24.016773,283.626179
14.891525,0.669100,52.675033,23.246711,23.246711,302.225800
7.481411,0.323013,24.154279,18.535556,18.535556,244.922813
9.191297,0.372902,28.207182,15.376942,15.376942,107.310390
8.011884,0.158883,20.755211,21.830654,21.830654,237.720991
7.525508,0.160098,21.701852,16.514593,16.514593,92.467250
8.178319,0.154658,22.017666,18.958028,18.958028,213.215250
7.896554,0.132803,22.020321,13.421483,13.421483,95.677258
7.763496,0.124770,21.339733,12.164437,12.164437,87.601981
6.959642,0.125762,20.547399,16.144570,16.144570,84.275970
8.419507,0.156579,23.223126,11.048065,11.048065,84.198881
11.025537,0.217636,43.976225,14.220984,14.220984,113.598467
12.787872,0.302565,50.854138,12.132212,12.132212,130.351721
12.098356,0.138626,42.853870,13.019140,13.019140,102.828679
10.870462,0.150755,40.056380,10.693179,10.693179,97.501578
11.024673,0.126691,36.100823,13.207496,13.207496,92.600181
11.877200,0.145923,37.769172,12.723326,12.723326,97.278534
10.391382,0.124322,37.472144,10.606617,10.606617,91.133338
10.975616,0.126946,39.805176,12.305208,12.305208,98.152597
12.582108,0.162979,51.849547,11.948049,11.948049,113.421025
13.079428,0.173827,53.977073,10.821405,10.821405,117.141313
12.148852,0.235844,51.806411,9.425060,9.425060,107.499928
11.100194,0.133538,41.728858,15.068840,15.068840,95.004702
11.115203,0.135426,41.607800,8.127502,8.127502,86.572459
12.701150,0.122659,47.563040,11.272869,11.272869,99.087238
11.356262,0.136931,42.938671,8.176047,8.176047,87.798400
13.174375,0.100386,59.394063,15.327341,15.327341,139.589355
12.934754,0.118370,55.599821,10.167090,10.167090,109.841666
12.916066,0.063329,60.080443,9.286115,9.286115,127.120592
13.035876,0.099426,53.846286,10.434646,10.434646,111.575584
