1403715538162142976.000000 7.977824211 0.434981465 -21.335220337 -0.531291366 -0.602214515 -0.359784663 0.474997193
1403715539662142976.000000 7.693767071 -1.259009957 -21.687126160 -0.762029529 -0.321852237 -0.508410275 0.239251211
1403715539912143104.000000 7.663602352 -1.525455117 -21.682033539 -0.767055809 -0.309511334 -0.510206461 0.235621780
1403715540162142976.000000 7.669087887 -1.774468660 -21.611227036 -0.789964914 -0.315978050 -0.466092288 0.242633834
1403715542562142976.000000 10.148820877 -1.924565315 -21.194452286 -0.665242255 -0.410071552 -0.544540465 0.304581314
1403715543062142976.000000 10.318050385 -1.685551047 -21.196737289 -0.672567427 -0.438453019 -0.492432863 0.336038649
1403715543562142976.000000 10.418378830 -1.620348454 -21.278987885 -0.667946100 -0.427884012 -0.506499410 0.337967157
1403715545462142976.000000 9.278374672 -2.506745338 -21.726213455 -0.808692753 -0.108126953 -0.569478095 0.100096978
1403715545962142976.000000 8.785486221 -2.824841976 -21.711530685 -0.809476137 -0.108736932 -0.564645469 0.118744254
1403715546512143104.000000 8.289217949 -3.237859011 -21.647424698 -0.759146154 -0.308853656 -0.526370287 0.226364568
1403715546762142976.000000 8.066312790 -3.416125536 -21.611179352 -0.722716272 -0.415414542 -0.478564262 0.275841147
1403715547062142976.000000 7.826732159 -3.587112904 -21.574909210 -0.665061593 -0.530900419 -0.414786637 0.322164357
1403715547362142976.000000 7.605094433 -3.664033413 -21.534238815 -0.582218826 -0.622807205 -0.373670161 0.365380853
1403715547562142976.000000 7.444070339 -3.659576654 -21.516290665 -0.540631950 -0.670032382 -0.333278328 0.384316772
1403715547712143104.000000 7.306923389 -3.623243809 -21.506814957 -0.500578642 -0.704490781 -0.306588411 0.398895323
1403715547862142976.000000 7.153874397 -3.556749105 -21.498767853 -0.457697242 -0.733782351 -0.281959713 0.415421933
1403715548312143104.000000 6.604176998 -3.231746197 -21.484071732 -0.370161831 -0.736742556 -0.275094032 0.494483590
1403715548862142976.000000 5.858501911 -2.846110582 -21.579362869 -0.391753197 -0.724971592 -0.273023814 0.496390581
1403715549062142976.000000 5.584098816 -2.722998381 -21.615674973 -0.389403909 -0.723021865 -0.271016151 0.502149582
1403715550262142976.000000 4.529533386 -2.113205671 -21.711620331 -0.523009419 -0.640134454 -0.274536639 0.491242081
1403715550512143104.000000 4.570839405 -1.912920237 -21.629463196 -0.570050597 -0.601063550 -0.340519220 0.444760144
1403715551212143104.000000 4.990783215 -1.333452463 -21.609340668 -0.717808843 -0.408703864 -0.438933104 0.353623301
1403715551462142976.000000 5.285709381 -1.170780778 -21.561168671 -0.757009447 -0.324819446 -0.468098491 0.319863886
1403715551862142976.000000 5.880882740 -1.040930629 -21.480882645 -0.770059347 -0.207628205 -0.559567809 0.225351095
1403715552112143104.000000 6.242041588 -1.061381578 -21.443397522 -0.770241380 -0.139296964 -0.601989329 0.157903165
1403715552312143104.000000 6.480097771 -1.126644015 -21.418052673 -0.770436943 -0.087154277 -0.623564720 0.099990733
1403715552512143104.000000 6.655923367 -1.217783809 -21.387243271 -0.769187808 -0.021658424 -0.637196779 0.043142695
1403715552762142976.000000 6.770983219 -1.345646143 -21.356063843 0.762263596 -0.089290567 0.640962183 0.012199808
1403715553112143104.000000 6.731252670 -1.563849449 -21.355312347 0.749228716 -0.259829819 0.604192257 0.078080580
1403715553862142976.000000 5.962666512 -2.148141623 -21.474611282 0.667070270 -0.421512544 0.529499590 0.311407715
1403715554312143104.000000 5.309549332 -2.328972340 -21.547388077 0.735170364 -0.458663553 0.420176387 0.269451380
1403715554762142976.000000 4.966113567 -2.621705770 -21.672555923 0.759051442 -0.254663467 0.396346748 0.449329138
1403715555112143104.000000 5.270313263 -2.463157177 -21.722764969 0.720974445 -0.318286896 0.472287685 0.394757718
1403715555412143104.000000 5.769551277 -2.088908195 -21.696409225 0.679352343 -0.477204204 0.522593260 0.194043487
1403715555862142976.000000 6.230021477 -1.722494960 -21.563598633 0.690467536 -0.451438010 0.521755755 0.217322797
1403715556162142976.000000 6.351562977 -1.608377337 -21.391851425 0.688701689 -0.467121392 0.525780499 0.176189184
1403715556662142976.000000 6.220436573 -1.694340587 -21.204198837 0.718937635 -0.408244878 0.509159148 0.239210784
1403715557112143104.000000 6.013869286 -1.903867483 -21.262798309 0.749025643 -0.388770074 0.474167407 0.250965506
1403715557562142976.000000 5.955506802 -2.254210234 -21.314201355 0.747647583 -0.402346820 0.469341457 0.242608353
1403715557912143104.000000 6.008471012 -2.637415886 -21.342622757 0.728681624 -0.395762771 0.488380522 0.271807611
1403715558362142976.000000 6.152032852 -3.132826328 -21.232124329 0.725655496 -0.399158984 0.477803648 0.292916149
1403715558762142976.000000 6.342526913 -3.529293776 -21.184373856 0.688672781 -0.387109846 0.532543957 0.303764403
1403715559112143104.000000 6.487266064 -3.746238947 -21.204027176 0.716644526 -0.328485429 0.541480720 0.292090118
1403715559412143104.000000 6.595871449 -3.792693615 -21.201269150 0.745574176 -0.262169600 0.556742966 0.255780339
1403715559812143104.000000 6.732861519 -3.714234829 -21.284732819 0.789180517 -0.225700036 0.538338125 0.190907642
1403715560062142976.000000 6.843997478 -3.618121624 -21.362316132 0.805813193 -0.173173070 0.539254367 0.172861055
1403715560312143104.000000 6.991020203 -3.471193314 -21.395971298 0.817767143 -0.134117439 0.546548665 0.120640524
1403715560562142976.000000 7.175213337 -3.304789066 -21.391162872 0.824066579 -0.091307946 0.554428220 0.072017007
1403715560812143104.000000 7.378390789 -3.127526999 -21.379030228 0.827515662 -0.031649236 0.559344530 0.036742564
1403715561162142976.000000 7.676662445 -2.847094059 -21.368053436 -0.825454950 -0.065267056 -0.560259998 0.021749349
1403715561362142976.000000 7.872631073 -2.666805506 -21.362283707 -0.822735786 -0.086132124 -0.556315720 0.078739107
1403715562212143104.000000 8.628588676 -1.979656935 -21.301826477 -0.735954523 -0.246020272 -0.608524859 0.165959239
1403715562412143104.000000 8.682341576 -1.845109940 -21.277290344 -0.740909457 -0.273108780 -0.595767260 0.146718085
1403715562612143104.000000 8.675997734 -1.698302031 -21.261081696 -0.745623946 -0.305451870 -0.577854931 0.129722387
1403715562812143104.000000 8.621978760 -1.518609166 -21.249467850 -0.758466125 -0.302662522 -0.549013615 0.178068802
1403715563812143104.000000 8.094167709 -0.680812478 -21.280992508 -0.577024639 -0.531907082 -0.489473969 0.380174458
1403715566162142976.000000 6.944549084 -1.347820282 -21.014238358 0.253653228 -0.755961657 0.186462477 0.573945820
1403715566612143104.000000 7.124818802 -1.511183500 -20.935131073 0.437552124 -0.662657499 0.323067725 0.514840305
1403715566912143104.000000 7.323329926 -1.544989586 -20.954683304 0.542655766 -0.579151094 0.403309613 0.455466956
1403715567262142976.000000 7.605530739 -1.479840755 -20.973649979 0.668114007 -0.447582781 0.496491849 0.326786280
1403715567612143104.000000 7.877647400 -1.339215755 -21.039342880 0.777638733 -0.263320327 0.536889553 0.194139168
1403715567962142976.000000 8.137059212 -1.154153585 -21.192092896 0.808499455 -0.073436551 0.579395890 0.072360560
1403715568212143104.000000 8.295048714 -0.987483025 -21.287637711 -0.799560726 -0.054709867 -0.598014116 0.009414128
1403715568412143104.000000 8.385475159 -0.832976639 -21.357856750 -0.786886752 -0.143294796 -0.594591498 0.082078293
1403715568612143104.000000 8.437327385 -0.671460271 -21.412233353 -0.765288889 -0.231755331 -0.582453251 0.146186516
1403715569312143104.000000 8.333902359 -0.128325343 -21.506591797 -0.662204146 -0.470368445 -0.482817799 0.327301472
1403715569562142976.000000 8.238367081 0.039288130 -21.521797180 -0.611430824 -0.509630322 -0.477039337 0.372642934
1403715571662142976.000000 7.016384125 -0.529425859 -21.687063217 -0.119158439 -0.807511926 -0.042909466 0.576094270
1403715571862142976.000000 6.983084679 -0.661291897 -21.762411118 -0.166300401 -0.831362188 0.020656345 0.529862761
1403715572362142976.000000 6.721918106 -0.603721917 -21.900037766 -0.071565546 -0.848162711 -0.064042307 0.520957887
1403715572862142976.000000 6.221882343 -0.523060322 -21.998664856 0.070141844 -0.810007751 -0.005243347 0.582185686
1403715573012143104.000000 6.092162609 -0.557628930 -21.993579865 0.101921186 -0.805235147 0.037179597 0.582946002
1403715573962142976.000000 5.451526642 -0.880350173 -21.777435303 0.359192848 -0.760767400 0.228032127 0.490117073
1403715574162142976.000000 5.307781696 -0.971653044 -21.738018036 0.424262017 -0.734015942 0.270357907 0.456211537
1403715574312143104.000000 5.190904140 -1.060656428 -21.703163147 0.472821951 -0.690452874 0.302139580 0.456536919
1403715574862142976.000000 4.886762142 -1.466974616 -21.620660782 0.567509115 -0.609107614 0.338795274 0.438336641
1403715575262142976.000000 4.846683025 -1.828369021 -21.542642593 0.538643777 -0.587385833 0.386013329 0.464579999
1403715576062142976.000000 5.170199394 -2.337105274 -21.381189346 0.524701416 -0.616788566 0.341030151 0.477450252
1403715576212143104.000000 5.319249630 -2.411978722 -21.356866837 0.514606774 -0.626055062 0.355208427 0.465899229
1403715576362142976.000000 5.476668835 -2.482882023 -21.331111908 0.509728193 -0.621871352 0.364356726 0.469784439
1403715576562142976.000000 5.697722435 -2.558686018 -21.287118912 0.496358931 -0.602543771 0.383328766 0.493586898
1403715576762142976.000000 5.936781883 -2.587237358 -21.243093491 0.488115221 -0.602914035 0.376734138 0.506270349
1403715578812143104.000000 7.958204746 -1.692591071 -21.655658722 0.290574402 -0.833289504 0.154245168 0.444301307
1403715578962142976.000000 7.928509235 -1.653383255 -21.716770172 0.286726415 -0.829785407 0.138935000 0.458193600
1403715579112143104.000000 7.865221977 -1.660506487 -21.755743027 0.300554127 -0.801198721 0.116546057 0.504147708
1403715579262142976.000000 7.798069477 -1.716172814 -21.765930176 0.317200869 -0.765273511 0.095555827 0.551914096
1403715579412143104.000000 7.754465103 -1.817157626 -21.772058487 0.316028953 -0.756979465 0.095055386 0.563979089
1403715579712143104.000000 7.746105671 -2.129080296 -21.790485382 0.294892639 -0.771908104 0.130056396 0.547979653
1403715579862142976.000000 7.764697075 -2.325494528 -21.777624130 0.294176608 -0.764800668 0.138681546 0.556154132
1403715580062142976.000000 7.811639786 -2.611437798 -21.743501663 0.269858718 -0.769084036 0.144740283 0.561013699
1403715580212143104.000000 7.856983185 -2.833186150 -21.747274399 0.232661188 -0.778495252 0.138641268 0.566209078
1403715582462142976.000000 7.639827728 -4.003691673 -21.809286118 0.324123353 -0.748852134 0.205386609 0.540352702
1403715583662142976.000000 7.340442181 -4.598128319 -21.962301254 0.251731277 -0.699212432 0.247661918 0.621608377
1403715583962142976.000000 7.419714451 -4.611245155 -22.005418777 -0.239652246 0.649724603 -0.272764236 -0.667850673
1403715584362142976.000000 7.873287678 -4.200735569 -21.883895874 0.258809179 -0.759964406 0.263691485 0.534732401
1403715587112143104.000000 8.594872475 -3.050832987 -21.723720551 0.288131207 -0.772051692 0.207671344 0.527057171
1403715587562142976.000000 8.676298141 -3.046303988 -21.661619186 0.274440378 -0.759592593 0.236837581 0.540008903
1403715588112143104.000000 8.713553429 -2.846063137 -21.586139679 0.144657165 -0.791921079 0.146469608 0.574875772
1403715588362142976.000000 8.721102715 -2.680309534 -21.635335922 0.064181089 -0.788087964 0.082035325 0.606686354
1403715588562142976.000000 8.766239166 -2.528972149 -21.713424683 0.004590699 -0.790718734 0.036804654 0.611054957
1403715588712143104.000000 8.823598862 -2.405454159 -21.771026611 -0.036739960 -0.801346183 0.006461092 0.597036660
1403715588862142976.000000 8.894284248 -2.276479483 -21.830310822 -0.073091604 -0.820362926 -0.029086266 0.566406429
1403715589062142976.000000 8.979153633 -2.102132559 -21.909307480 -0.120320216 -0.845643759 -0.074355841 0.514665961
1403715589262142976.000000 9.008296967 -1.927844048 -21.945043564 -0.163271591 -0.847153306 -0.105316088 0.494552463
1403715589612143104.000000 8.888242722 -1.598038673 -21.906816483 -0.229595989 -0.848337650 -0.139268160 0.456303895
1403715589812143104.000000 8.700922966 -1.377741933 -21.821327209 -0.233341619 -0.827325225 -0.159164578 0.485542238
1403715590012143104.000000 8.452647209 -1.147988319 -21.696994781 -0.224705443 -0.789469063 -0.170343995 0.545187116
1403715591162142976.000000 6.833987713 -0.452789962 -21.216115952 0.053647887 -0.827569962 0.003797967 0.558780491
1403715591362142976.000000 6.529238701 -0.451413214 -21.152580261 0.148932591 -0.819802225 0.039256167 0.551545501
1403715591562142976.000000 6.230915546 -0.496206403 -21.102846146 0.229250133 -0.804554641 0.087240644 0.540856063
1403715591762142976.000000 5.942376137 -0.586166859 -21.097103119 0.294206858 -0.782222390 0.139338791 0.531182945
1403715591962142976.000000 5.669432163 -0.713734508 -21.141384125 0.357185721 -0.753454685 0.173753962 0.523960054
1403715592362142976.000000 5.250340462 -1.099781752 -21.272764206 0.486247838 -0.660903215 0.241204008 0.518257260
1403715592562142976.000000 5.154804707 -1.353462338 -21.282363892 0.547341049 -0.609713495 0.275460541 0.502781034
1403715592762142976.000000 5.151520252 -1.623598814 -21.288959503 0.603188872 -0.554436862 0.309940457 0.482389808
1403715592962142976.000000 5.243902683 -1.896507621 -21.295917511 0.631599605 -0.534193993 0.382087529 0.411980361
1403715593162142976.000000 5.384091854 -2.165602207 -21.303138733 0.658145845 -0.496485054 0.447939426 0.345972389
1403715593362142976.000000 5.529049873 -2.426465988 -21.310300827 0.698748767 -0.430052012 0.476800501 0.315383464
1403715593862142976.000000 5.965167046 -2.966063261 -21.322500229 0.762875199 -0.248614177 0.539802313 0.254609406
1403715594212143104.000000 6.322639942 -3.147553921 -21.334194183 0.808096409 -0.138336226 0.550879896 0.156123891
1403715594612143104.000000 6.754742622 -3.179195881 -21.330709457 -0.824676394 -0.006629562 -0.560132802 -0.078205094
1403715594912143104.000000 7.096075535 -3.068132401 -21.339372635 -0.844672322 -0.098620884 -0.525527716 0.024964320
1403715595212143104.000000 7.494048119 -2.879091263 -21.352796555 -0.829805672 -0.190393522 -0.511251330 0.117451921
1403715595462142976.000000 7.871442318 -2.688702822 -21.371778488 -0.789739609 -0.268626660 -0.516916871 0.192218959
1403715595712143104.000000 8.254750252 -2.493189573 -21.390333176 -0.714384675 -0.371727765 -0.546587586 0.229597569
1403715595962142976.000000 8.552974701 -2.301363230 -21.395343781 -0.612317860 -0.450513631 -0.593282282 0.264802873
1403715596362142976.000000 8.620310783 -2.184037209 -21.315982819 -0.600927234 -0.493027270 -0.541655242 0.320031494
1403715596612143104.000000 8.477137566 -2.209919930 -21.235460281 -0.658073545 -0.545106709 -0.422172040 0.302603185
1403715597012143104.000000 8.210317612 -2.047168732 -21.124248505 -0.658105612 -0.606997013 -0.324737877 0.304954231
1403715597312143104.000000 8.044572830 -1.658035755 -21.042774200 -0.624637842 -0.596225560 -0.345306784 0.367567509
1403715597612143104.000000 7.914818764 -1.153825879 -20.957326889 -0.552288651 -0.596022785 -0.372354627 0.448426276
1403715598512143104.000000 7.724350929 0.058144815 -20.935380936 -0.450429082 -0.591023505 -0.392907172 0.541690826
1403715599062142976.000000 7.808634281 0.172917947 -21.080902100 -0.486818820 -0.636994421 -0.365268916 0.473100632
1403715599762142976.000000 8.013638496 0.006871762 -21.374204636 -0.513925493 -0.614673972 -0.326816678 0.501245916
1403715600562142976.000000 8.399596214 -0.329831928 -21.702844620 -0.398646981 -0.734789371 -0.307780057 0.454353034
1403715600812143104.000000 8.371758461 -0.460675240 -21.771644592 -0.340517700 -0.771379769 -0.229727507 0.486051768
1403715601112143104.000000 8.270526886 -0.584557950 -21.742134094 -0.258598089 -0.792719722 -0.188617870 0.518792570
1403715601562142976.000000 8.027988434 -0.763772428 -21.559194565 -0.224588349 -0.796087384 -0.184363052 0.530862689
1403715601862142976.000000 7.814510822 -0.911489129 -21.454170227 -0.230655804 -0.785557210 -0.179340437 0.545467496
1403715602112143104.000000 7.634240150 -1.048906088 -21.377014160 -0.249867216 -0.746785641 -0.209257126 0.579731941
1403715602512143104.000000 7.442196846 -1.341419578 -21.320793152 -0.342633843 -0.735691786 -0.245334834 0.530255139
1403715602962142976.000000 7.286786079 -1.703168869 -21.364009857 -0.431896389 -0.701858878 -0.314069957 0.471401900
1403715603212143104.000000 7.177906513 -1.899752498 -21.476465225 -0.478498280 -0.670574248 -0.345002621 0.449825257
1403715603462142976.000000 7.045761108 -2.087273836 -21.584228516 -0.517987430 -0.650053859 -0.355211824 0.427719116
1403715603712143104.000000 6.895180225 -2.248825788 -21.665859222 -0.547804654 -0.622632086 -0.340914011 0.442737967
1403715603962142976.000000 6.779106617 -2.375550508 -21.705640793 -0.569760799 -0.614681184 -0.315253913 0.445145667
1403715604412143104.000000 6.683078766 -2.455852270 -21.714179993 -0.546117306 -0.637384474 -0.349701643 0.416180044
1403715604862142976.000000 6.585702896 -2.424005270 -21.755929947 -0.532464087 -0.627246737 -0.371293336 0.430331171
1403715605062142976.000000 6.535161495 -2.407531023 -21.764448166 -0.533586144 -0.630902529 -0.368587762 0.425900131
1403715605512143104.000000 6.405627728 -2.345925570 -21.770908356 -0.532945395 -0.623674810 -0.357625633 0.446209580
1403715605812143104.000000 6.331360817 -2.290516853 -21.826881409 -0.527941406 -0.629835486 -0.360670447 0.441023886
1403715606262142976.000000 6.243548870 -2.190680504 -21.925197601 -0.519786894 -0.631609142 -0.363758743 0.445613176
1403715606712143104.000000 6.157381058 -2.104998350 -21.968099594 -0.522741854 -0.625188291 -0.344160318 0.466298610
1403715607112143104.000000 6.138279915 -2.044470549 -22.017850876 -0.503850698 -0.632689476 -0.362807006 0.462827832
1403715607512143104.000000 6.128100872 -2.034629107 -22.059467316 -0.503047466 -0.638534188 -0.363779902 0.454842389
1403715607912143104.000000 6.092281342 -2.070138216 -22.088571548 -0.505839169 -0.640537262 -0.363162994 0.449390113
1403715608262142976.000000 6.093441963 -2.071143389 -22.088823318 -0.502933741 -0.642471194 -0.364575237 0.448746353
1403715608412143104.000000 6.094519615 -2.071563482 -22.088987350 -0.503432751 -0.643201172 -0.363949537 0.447647840
1403715608912143104.000000 6.099158287 -2.080567598 -22.087211609 -0.504109085 -0.642930508 -0.363245457 0.447847277
