1403638147795097088.000000 -0.063049681 1.666275263 0.140463442 -0.559690356 -0.624069035 -0.359217823 0.410179287
1403638148095097088.000000 -0.065681502 1.693922281 0.175046846 -0.551906466 -0.606405854 -0.378956616 0.429025769
1403638149595097088.000000 -0.168460906 1.935027122 0.550580084 -0.533757448 -0.620849609 -0.371605158 0.437673837
1403638152395097088.000000 -1.529227495 2.554717302 0.689319313 -0.366080612 -0.739491522 -0.265853941 0.498456627
1403638153195097088.000000 -2.264903545 2.676138401 0.756248713 -0.331874311 -0.758218467 -0.224518716 0.514349699
1403638153545096960.000000 -2.613632917 2.739619493 0.810191929 -0.291525334 -0.778859377 -0.209978357 0.514101446
1403638153745096960.000000 -2.831625223 2.774378300 0.856061041 -0.259394765 -0.789322317 -0.192507103 0.522135794
1403638155045096960.000000 -4.293126106 2.763241768 0.900817394 -0.190449864 -0.793928504 -0.158999249 0.555090725
1403638155245096960.000000 -4.499004841 2.702486992 0.943627119 -0.171897784 -0.794239283 -0.146180794 0.564151049
1403638155445096960.000000 -4.697496891 2.624171019 0.968163967 -0.152453676 -0.791723132 -0.140452221 0.574635088
1403638155695097088.000000 -4.924461365 2.483984232 0.972137928 -0.127148524 -0.790358722 -0.106854685 0.589701891
1403638156295097088.000000 -5.357218266 2.057586432 0.972349226 -0.021451391 -0.825000703 -0.004454530 0.564706802
1403638156545096960.000000 -5.529992580 1.900008559 0.983038068 0.001791996 -0.830789387 0.017274702 0.556316018
1403638156745096960.000000 -5.682220936 1.789799333 0.965791106 0.007601928 -0.831008613 0.020184053 0.555841386
1403638157195097088.000000 -6.070343971 1.543861032 0.926292598 0.000927373 -0.836729348 0.011717986 0.547490597
1403638158095097088.000000 -7.060001373 1.129273057 1.007273912 0.096065074 -0.816087008 0.066960052 0.565941632
1403638158295097088.000000 -7.272649765 1.034549594 1.024305582 0.106279135 -0.814855874 0.084997110 0.563462555
1403638158645096960.000000 -7.636292934 0.881749928 1.006621003 0.119469896 -0.810435832 0.075784318 0.568486929
1403638158895097088.000000 -7.879023552 0.756760418 0.993044496 0.108683772 -0.816280663 0.083471291 0.561165035
1403638159145096960.000000 -8.128972054 0.640473068 1.021175742 0.101558298 -0.832075953 0.085350558 0.538563728
1403638160445096960.000000 -9.389329910 0.445641696 1.497407198 0.107364170 -0.819325030 0.081103675 0.557316542
1403638160645096960.000000 -9.537747383 0.470539838 1.632360697 0.106629938 -0.822237432 0.081208706 0.553137243
1403638160845096960.000000 -9.696574211 0.492298067 1.753532648 0.095920332 -0.813366175 0.088961422 0.566851437
1403638161045096960.000000 -9.853775978 0.528087735 1.862875223 0.066797495 -0.802243173 0.081266135 0.587656200
1403638161445096960.000000 -10.108162880 0.658126593 2.041713476 -0.005044452 -0.817775786 0.018517893 0.575216770
1403638162045096960.000000 -10.470195770 0.907845736 2.194587231 -0.058030751 -0.817053258 -0.013474849 0.573476195
1403638162245096960.000000 -10.591477394 1.011783361 2.243287325 -0.069834419 -0.819949567 -0.014452303 0.567976296
1403638163445096960.000000 -11.278202057 1.977197170 2.528043270 -0.122246780 -0.802772939 -0.063517883 0.580152512
1403638166145096960.000000 -11.079501152 4.926533222 2.860480785 -0.181662947 -0.796189606 -0.125703514 0.563275397
1403638166545096960.000000 -10.847035408 5.319146156 3.002830029 -0.171806037 -0.801834106 -0.125777990 0.558323085
1403638166945096960.000000 -10.641613960 5.665410995 3.114499331 -0.190304697 -0.812031031 -0.091516636 0.544072032
1403638167145096960.000000 -10.553345680 5.855800152 3.142966747 -0.187235057 -0.821313739 -0.094671495 0.530494273
1403638167395097088.000000 -10.491230011 6.124507427 3.223054886 -0.180010468 -0.820026517 -0.105440922 0.532949388
1403638167695097088.000000 -10.472435951 6.462917328 3.309690475 -0.191937476 -0.805201113 -0.100134023 0.552072942
1403638168745096960.000000 -10.391872406 7.972955227 3.484380960 -0.285607398 -0.783660293 -0.199035227 0.514480293
1403638168995097088.000000 -10.399355888 8.354642868 3.500710249 -0.285120666 -0.786805272 -0.202603981 0.508522689
1403638169245096960.000000 -10.449332237 8.727355003 3.478327513 -0.286011845 -0.772697210 -0.190679505 0.533645689
1403638169795097088.000000 -10.500345230 9.550435066 3.395855904 -0.352949977 -0.725550056 -0.229902893 0.544194937
1403638170245096960.000000 -10.412080765 10.153233528 3.429547548 -0.419233799 -0.674882352 -0.313967586 0.519808829
1403638170645096960.000000 -10.278616905 10.566214561 3.393863440 -0.502089024 -0.618554473 -0.338067263 0.501006663
1403638171095097088.000000 -9.986390114 10.919697762 3.440452814 -0.560042500 -0.564169943 -0.384751022 0.469075114
1403638171345096960.000000 -9.770479202 11.054743767 3.456505299 -0.575949252 -0.545692801 -0.396657646 0.461697489
1403638171895097088.000000 -9.149563789 11.185420990 3.452691317 -0.604654968 -0.502358198 -0.410809785 0.461804986
1403638172145096960.000000 -8.781496048 11.125686646 3.479033470 -0.607204139 -0.495425940 -0.426236749 0.451861262
1403638172395097088.000000 -8.372957230 10.993375778 3.472123861 -0.608199537 -0.497121543 -0.429116130 0.445895612
1403638172795097088.000000 -7.653371334 10.686443329 3.330525875 -0.603161693 -0.496228248 -0.425483376 0.457074732
1403638173045096960.000000 -7.154125214 10.402634621 3.200258732 -0.605413973 -0.502437174 -0.411408722 0.460188776
1403638174545096960.000000 -3.815359592 8.134544373 1.787428260 -0.607905865 -0.549179852 -0.406720161 0.404265672
1403638174745096960.000000 -3.404418230 7.838898182 1.622506618 -0.610449433 -0.558067381 -0.402630657 0.392174631
1403638174945096960.000000 -3.017884254 7.569514751 1.484092951 -0.612455368 -0.562987804 -0.400218606 0.384406388
1403638177045096960.000000 -0.240370557 6.965365410 1.128422737 -0.597416401 -0.567612588 -0.425766587 0.373674273
1403638177495097088.000000 -0.052074634 7.115227222 1.101914525 -0.599068820 -0.568058312 -0.425858051 0.370231211
1403638178395097088.000000 0.200752616 7.423966408 0.958599329 -0.634825110 -0.491822660 -0.450173140 0.390450835
1403638179545096960.000000 0.863576293 7.393184662 0.757856071 -0.742314219 -0.362205297 -0.499045283 0.262165487
1403638180145096960.000000 1.358862400 7.406270027 0.645584106 -0.785650492 -0.265021861 -0.521348536 0.201773643
1403638180495097088.000000 1.667711854 7.411117077 0.607555270 -0.790168941 -0.259012491 -0.522235394 0.189250588
1403638180995097088.000000 2.158855677 7.450037956 0.554361284 -0.791842341 -0.271608591 -0.512609720 0.190907523
1403638181645096960.000000 2.924078703 7.563675404 0.438883722 -0.782194555 -0.198557243 -0.555759907 0.199694097
1403638181895097088.000000 3.227866888 7.525119305 0.415575475 -0.797618330 -0.165789217 -0.561573923 0.144753650
1403638182345096960.000000 3.751241922 7.422943115 0.441651165 -0.823858380 -0.124203242 -0.541182101 0.113811187
1403638182745096960.000000 4.275033474 7.312094212 0.520545602 -0.827912569 -0.140303373 -0.534237206 0.097295083
1403638183295097088.000000 5.068349838 7.212431431 0.617598832 -0.813088298 -0.152317032 -0.552921414 0.099823914
1403638184095097088.000000 6.235075474 7.235949516 0.649140537 -0.809174418 -0.156747982 -0.558485150 0.093601972
1403638184345096960.000000 6.582743168 7.288907528 0.692644954 -0.817683816 -0.154935196 -0.546653748 0.092509337
1403638184595097088.000000 6.937594891 7.363362312 0.716294408 -0.810875475 -0.152643666 -0.557066143 0.094118528
1403638184845096960.000000 7.281819820 7.463723660 0.728905499 -0.810612917 -0.151311442 -0.557704329 0.094750360
1403638185095097088.000000 7.607918739 7.575898170 0.746668518 -0.809513688 -0.149830610 -0.559656560 0.094989568
1403638185595097088.000000 8.203554153 7.855042934 0.819317281 -0.795495033 -0.178690806 -0.571122527 0.095270418
1403638185895097088.000000 8.502343178 8.083759308 0.879554629 -0.796897650 -0.184215546 -0.557682157 0.141454801
1403638186195097088.000000 8.792110443 8.304622650 0.903927207 -0.801508904 -0.193080127 -0.547283769 0.144167230
1403638186445096960.000000 9.036337852 8.480463982 0.937458217 -0.800302386 -0.198499233 -0.549013674 0.136741757
1403638186645096960.000000 9.235109329 8.623673439 0.965632558 -0.799856067 -0.201693326 -0.550402582 0.128868759
1403638189195097088.000000 10.005083084 10.423121452 1.479492903 -0.712302148 -0.358055651 -0.540192664 0.269469351
1403638189645096960.000000 9.650231361 10.355860710 1.542665958 -0.712398052 -0.419013143 -0.484150648 0.287254483
1403638189845096960.000000 9.507415771 10.335143089 1.591377974 -0.721625090 -0.426411986 -0.463461667 0.287460119
1403638190695097088.000000 9.004761696 10.405894279 1.523786426 -0.672267914 -0.450090140 -0.508088589 0.295500755
1403638190895097088.000000 8.830857277 10.420554161 1.493341088 -0.676121712 -0.446796507 -0.495960176 0.311858773
1403638191295097088.000000 8.454308510 10.410429001 1.517849684 -0.684582472 -0.447905332 -0.481004030 0.315218687
1403638194245096960.000000 5.614035606 9.974980354 2.185783148 -0.657433152 -0.459523827 -0.485773504 0.347337991
1403638197045096960.000000 3.742803097 9.086741447 2.166562319 -0.682224870 -0.466007620 -0.456935108 0.329570204
1403638197595097088.000000 3.597738981 9.289304733 2.263040066 -0.662471235 -0.468703032 -0.484938830 0.326011688
1403638198045096960.000000 3.419819832 9.446032524 2.396596909 -0.654142082 -0.455572933 -0.494426668 0.346545488
1403638198395097088.000000 3.248211384 9.524149895 2.318316460 -0.662913382 -0.462099940 -0.483237803 0.336883962
1403638198845096960.000000 2.980955839 9.585345268 2.125946283 -0.634784460 -0.487949193 -0.518745661 0.299761891
1403638199695097088.000000 1.839401484 9.598834991 2.189796925 -0.634466708 -0.493715793 -0.509577453 0.306639045
1403638199895097088.000000 1.454662085 9.595171928 2.273042917 -0.642270565 -0.494148254 -0.483423859 0.331070274
1403638200145096960.000000 0.953589559 9.583916664 2.363220453 -0.630856454 -0.510867655 -0.473809451 0.341378093
1403638200345096960.000000 0.537616193 9.571726799 2.439723730 -0.602161348 -0.528816223 -0.475585610 0.362730473
1403638200545096960.000000 0.107600756 9.550584793 2.530823469 -0.578364491 -0.553609788 -0.473016381 0.367785484
1403638200745096960.000000 -0.344445437 9.519436836 2.632771730 -0.556708574 -0.579719186 -0.467230707 0.368370384
1403638200945096960.000000 -0.827038229 9.482338905 2.721109390 -0.555214047 -0.588115454 -0.450055063 0.378560424
1403638201145096960.000000 -1.332030296 9.444630623 2.770419121 -0.561945379 -0.581504226 -0.435119569 0.395905554
1403638201345096960.000000 -1.842024088 9.395442009 2.800760746 -0.565979302 -0.576319039 -0.432293564 0.400806695
1403638201545096960.000000 -2.352561712 9.330722809 2.807868719 -0.566744983 -0.573239684 -0.436378956 0.399712265
1403638201745096960.000000 -2.861595154 9.252354622 2.803113222 -0.566821277 -0.571001112 -0.439680904 0.399189383
1403638201995097088.000000 -3.500017643 9.151896477 2.749466419 -0.564974725 -0.574115217 -0.436177015 0.401179492
1403638202245096960.000000 -4.143647671 9.017149925 2.717547178 -0.567763150 -0.581794202 -0.410880625 0.412719727
1403638202445096960.000000 -4.644773006 8.906867981 2.720640659 -0.568756104 -0.587137282 -0.400324523 0.414157838
1403638202845096960.000000 -5.576272488 8.691086769 2.682878733 -0.571266115 -0.587840259 -0.394279808 0.415502518
1403638203245096960.000000 -6.434584618 8.533137321 2.577380180 -0.565959573 -0.583282232 -0.404535860 0.419311881
1403638203445096960.000000 -6.834841251 8.458445549 2.569178820 -0.565169156 -0.579593539 -0.404949278 0.425054520
1403638203995097088.000000 -7.832051754 8.209610939 2.543913364 -0.567585230 -0.579877853 -0.399549156 0.426555157
1403638204195097088.000000 -8.152597427 8.100848198 2.583172798 -0.572000027 -0.582622647 -0.390404344 0.425383687
1403638204395097088.000000 -8.450268745 7.999248505 2.639997244 -0.587782383 -0.579754174 -0.367483288 0.428197354
1403638204595097088.000000 -8.712537766 7.912849903 2.687468052 -0.591153085 -0.576294005 -0.363137186 0.431919694
1403638204845096960.000000 -8.992461205 7.832864285 2.703784704 -0.561811090 -0.601031899 -0.370453000 0.431153744
1403638205095097088.000000 -9.243301392 7.763796806 2.691340446 -0.498919964 -0.649529517 -0.359116971 0.447465390
1403638205345096960.000000 -9.509454727 7.694581985 2.683429003 -0.416845292 -0.701553524 -0.307321817 0.489505917
1403638205595097088.000000 -9.790166855 7.627062321 2.731588840 -0.329919606 -0.737865448 -0.280836999 0.517530918
1403638205845096960.000000 -10.062315941 7.508076668 2.800949335 -0.280318469 -0.750395119 -0.273697793 0.532370508
1403638206095097088.000000 -10.352728844 7.319195747 2.902139902 -0.241964325 -0.767001748 -0.231539145 0.547312677
1403638206345096960.000000 -10.646643639 7.072908878 3.023714304 -0.205379114 -0.775013328 -0.188489810 0.567137957
1403638207095097088.000000 -11.333410263 6.160595417 3.160325050 -0.170294777 -0.772140205 -0.138054550 0.596439600
1403638207295097088.000000 -11.454114914 5.900588989 3.124030828 -0.161659285 -0.771755457 -0.131233558 0.600863993
1403638207545096960.000000 -11.554121017 5.555075169 3.066639900 -0.127421409 -0.776026785 -0.104744561 0.608748674
1403638207845096960.000000 -11.587648392 5.134520531 3.054858685 -0.104971476 -0.798633099 -0.066849761 0.588810146
1403638208245096960.000000 -11.572025299 4.631373882 3.073311090 -0.102351002 -0.798153043 -0.060069777 0.590650260
1403638208545096960.000000 -11.521961212 4.292728424 3.029022932 -0.099055208 -0.804050624 -0.057777740 0.583397210
1403638208795097088.000000 -11.473161697 4.024888515 3.041413307 -0.076272480 -0.807506979 -0.039677545 0.583558738
1403638209045096960.000000 -11.402975082 3.783044100 3.046728611 -0.060765631 -0.806924105 -0.032031227 0.586647332
1403638209295097088.000000 -11.308753967 3.555494547 3.009139538 -0.057910364 -0.807666898 -0.026047714 0.586209953
1403638209695097088.000000 -11.157827377 3.237613201 2.855864763 -0.062382616 -0.805638969 -0.021505846 0.588720500
1403638209945096960.000000 -11.041000366 3.058211088 2.651284218 -0.058518942 -0.803230345 -0.030032292 0.592025876
1403638210195097088.000000 -10.904104233 2.892616272 2.407903433 -0.057250272 -0.791445076 -0.032479573 0.607685924
1403638210445096960.000000 -10.721118927 2.732393026 2.181316376 -0.058074448 -0.791748464 -0.032026056 0.607236385
1403638210745096960.000000 -10.447786331 2.550642252 1.885828018 -0.059343174 -0.788797736 -0.031756081 0.610956728
1403638211045096960.000000 -10.106902122 2.384160042 1.623796582 -0.062128898 -0.796603382 -0.027576333 0.600668430
1403638211295097088.000000 -9.795112610 2.264605761 1.469726086 -0.063943654 -0.802209198 -0.025272841 0.593070686
1403638211595097088.000000 -9.407574654 2.158540487 1.300827265 -0.094929382 -0.800637186 -0.043325972 0.589992821
1403638211845096960.000000 -9.064928055 2.092167616 1.134297252 -0.154561117 -0.792596936 -0.068968527 0.585785210
1403638212145096960.000000 -8.640688896 2.062052250 0.973773837 -0.223460883 -0.777843237 -0.115629442 0.575895071
1403638212395097088.000000 -8.273226738 2.071016312 0.901769102 -0.273283303 -0.763222516 -0.159080252 0.563472509
1403638212695097088.000000 -7.791632652 2.090013027 0.843152344 -0.333743066 -0.738776445 -0.202961028 0.549210131
1403638212945096960.000000 -7.385503769 2.121393919 0.865090787 -0.388196021 -0.713906825 -0.240137696 0.531012952
1403638213195097088.000000 -6.959618092 2.161991835 0.910868227 -0.450765312 -0.682990968 -0.271459758 0.506599963
1403638213445096960.000000 -6.518685341 2.220933199 0.923379719 -0.524247169 -0.648468256 -0.278932750 0.476288080
1403638213595097088.000000 -6.245675564 2.282811880 0.913836062 -0.550794959 -0.626075983 -0.298985451 0.463962942
1403638213845096960.000000 -5.771273136 2.415075302 0.913109183 -0.545591295 -0.607293606 -0.355865330 0.454845548
1403638214095097088.000000 -5.294077873 2.540360451 0.937751412 -0.546401620 -0.613863170 -0.360626608 0.441095978
1403638214345096960.000000 -4.830972195 2.669775009 0.968113065 -0.549561739 -0.629482985 -0.345115900 0.427350163
1403638217195097088.000000 -0.941625953 3.769225359 0.568801284 -0.559223413 -0.589485049 -0.396998644 0.426812172
1403638219845096960.000000 -0.315207064 3.199392557 0.585701227 -0.594282568 -0.547584951 -0.412122935 0.420872688
1403638220695097088.000000 -0.223189175 2.743063688 0.562040389 -0.590383947 -0.563932419 -0.421415627 0.394760519
1403638220945096960.000000 -0.201952428 2.610658169 0.555812538 -0.594880521 -0.561037958 -0.418836415 0.394879401
1403638221245096960.000000 -0.193026572 2.455665827 0.522517562 -0.598376751 -0.561450839 -0.416480809 0.391486734
1403638221545096960.000000 -0.197520331 2.308486462 0.521252215 -0.604719579 -0.558842421 -0.409218013 0.393128663
1403638222045096960.000000 -0.189822018 2.098182201 0.507474899 -0.598134935 -0.556778133 -0.418081969 0.396787286
1403638222495097088.000000 -0.184100702 1.933736920 0.514527559 -0.607501149 -0.567032814 -0.405129254 0.381164491
1403638222995097088.000000 -0.188302040 1.824146748 0.446895510 -0.592690766 -0.551295221 -0.425334781 0.404822856
1403638223345096960.000000 -0.200416714 1.732369661 0.421228051 -0.610044301 -0.561242282 -0.401280314 0.389650017
1403638223695097088.000000 -0.191457912 1.661535740 0.393015832 -0.606116354 -0.552903175 -0.407556266 0.401022524
1403638224045096960.000000 -0.162219480 1.602334619 0.346672922 -0.597620428 -0.564894974 -0.419805467 0.384066194
1403638224395097088.000000 -0.160900474 1.567129970 0.293460995 -0.602562845 -0.563202739 -0.412912667 0.386294901
1403638224695097088.000000 -0.173420429 1.557647705 0.254967958 -0.601492047 -0.559650540 -0.414119631 0.391795158
1403638224945096960.000000 -0.188513398 1.554176807 0.238946229 -0.606162488 -0.557094812 -0.406947792 0.395734817
1403638225195097088.000000 -0.196710378 1.562183619 0.245850682 -0.601239145 -0.555409908 -0.411763191 0.400602698
1403638225495097088.000000 -0.197867736 1.574364185 0.253995419 -0.594945192 -0.558736384 -0.419463396 0.397371858
1403638225795097088.000000 -0.205797583 1.578152418 0.203553453 -0.587825179 -0.553519905 -0.429396093 0.404594004
1403638226095097088.000000 -0.230342627 1.568916440 0.127620101 -0.613540113 -0.563772023 -0.388561964 0.393381953
1403638226495097088.000000 -0.247727826 1.584549427 0.131311670 -0.604673326 -0.573398471 -0.401405960 0.380075991
1403638226995097088.000000 -0.242549330 1.589710116 0.151324168 -0.605079174 -0.573267639 -0.400919259 0.380141079
1403638227495097088.000000 -0.239508688 1.591332912 0.163317621 -0.605029821 -0.573617876 -0.400883824 0.379728407
1403638227995097088.000000 -0.239523172 1.593377471 0.163887918 -0.605356753 -0.573769808 -0.400440425 0.379445642
1403638228295097088.000000 -0.240795195 1.597013116 0.157942787 -0.605281532 -0.573993623 -0.400112987 0.379572421
1403638228795097088.000000 -0.240879208 1.598215342 0.157336965 0.605325997 0.573845565 0.400171012 -0.379664361
