1403636859051666432.000000 -1.381667614 2.830014706 -0.141463757 -0.579008102 -0.568779707 -0.387032360 0.437544703
1403636861901666560.000000 -1.301010013 2.832166910 0.083503231 -0.600641310 -0.568102419 -0.399607420 0.395984232
1403636864801666560.000000 -1.308590889 2.832254171 0.267788351 -0.604584694 -0.554542840 -0.418913007 0.389193326
1403636866201666560.000000 -1.320710421 2.842003584 0.330002278 -0.596776545 -0.533782303 -0.429076880 0.418123484
1403636868901666560.000000 -1.357873917 2.699416161 0.067857638 -0.693930507 -0.625733316 -0.250177681 0.253632396
1403636871701666560.000000 -1.042228937 2.771419764 0.050713450 -0.724512279 -0.582125306 -0.269372135 0.252290994
1403636874401666560.000000 -0.986157417 2.790866613 0.012313299 -0.729237735 -0.588020205 -0.251950175 0.242828563
1403636876051666432.000000 -1.328849316 2.573482990 -0.007048564 -0.807343423 -0.451508999 -0.293906629 0.240738973
1403636876201666560.000000 -1.260234475 2.540658236 0.000483837 -0.820062995 -0.420610815 -0.316813886 0.224080876
1403636876401666560.000000 -1.151912212 2.545623064 0.000505514 -0.835375190 -0.395905197 -0.322570652 0.203360707
1403636876601666560.000000 -1.033887029 2.606511116 -0.000164457 -0.831682920 -0.394048423 -0.341159582 0.191414595
1403636876801666560.000000 -0.956466317 2.712860346 0.006989570 -0.809867263 -0.419622213 -0.354558200 0.205720335
1403636878501666560.000000 -1.285638213 2.608922482 -0.032173686 -0.756597757 -0.530394912 -0.278364450 0.262210608
1403636879101666560.000000 -0.961230218 2.713724375 0.004106605 -0.785440505 -0.473825037 -0.326843798 0.227478117
1403636880701666560.000000 -1.250315070 2.575405598 0.083382659 -0.744868815 -0.521677971 -0.328355879 0.255352944
1403636880951666432.000000 -1.332595468 2.518958807 0.091163628 -0.744670391 -0.527029276 -0.314495087 0.262295634
1403636881151666432.000000 -1.405137777 2.539943457 0.094914809 -0.717110991 -0.547038317 -0.319581568 0.290462822
1403636881301666560.000000 -1.445808411 2.583074808 0.098240986 -0.692426145 -0.570413828 -0.309659809 0.315095186
1403636881651666432.000000 -1.410728931 2.740078688 0.103695922 -0.650728762 -0.606679082 -0.318894953 0.326800555
1403636884301666560.000000 -1.250483513 2.975896120 -0.184404641 -0.495796859 -0.623779297 -0.350678325 0.492046356
1403636886801666560.000000 -1.250822306 2.975463867 -0.184597075 -0.495500237 -0.623333812 -0.350628763 0.492944151
1403636889301666560.000000 -1.251003742 2.975335360 -0.184770405 -0.495911479 -0.622833252 -0.350524545 0.493237495
1403636891801666560.000000 -1.250979543 2.975174665 -0.184628829 -0.495415717 -0.622849762 -0.350974143 0.493395030
1403636894301666560.000000 -1.251004934 2.975452423 -0.184757903 -0.495415658 -0.622716010 -0.350985259 0.493555963
1403636896801666560.000000 -1.250478029 2.975721359 -0.184551522 -0.496066421 -0.623816848 -0.349218279 0.492764890
1403636899451666432.000000 -1.148457766 3.086653709 0.086627558 -0.538908899 -0.603580832 -0.379882216 0.448282123
1403636902151666432.000000 -0.357446402 3.708093643 0.220739946 -0.565413237 -0.590540230 -0.393218338 0.420653552
1403636903601666560.000000 0.240232915 4.081989288 0.208029792 -0.562843680 -0.597448766 -0.394138515 0.413421005
1403636905751666432.000000 1.098547816 4.741533756 0.460534155 -0.562695801 -0.602519214 -0.395098895 0.405266583
1403636906651666432.000000 1.247510672 5.124054909 0.442019045 -0.567380309 -0.594314158 -0.373610467 0.430448025
1403636907151666432.000000 1.339994788 5.354840279 0.432520598 -0.554617763 -0.609190941 -0.385386497 0.415647507
1403636909201666560.000000 1.787717700 6.693226814 0.558826745 -0.551705480 -0.619862795 -0.358729243 0.427439392
1403636910151666432.000000 2.045412540 7.472947121 0.461392492 -0.530560076 -0.613515794 -0.397836566 0.428754687
1403636910701666560.000000 2.120316505 7.843432903 0.424704254 -0.540422082 -0.619123280 -0.377158076 0.427062333
1403636912851666432.000000 2.419537544 9.095857620 0.334261537 -0.556874752 -0.602473140 -0.363543481 0.441308051
1403636913101666560.000000 2.503524065 9.236808777 0.272580683 -0.545648634 -0.603835046 -0.380161911 0.439462990
1403636914451666432.000000 3.035727978 9.861032486 0.214096874 -0.545875549 -0.609105051 -0.381616622 0.430557430
1403636917251666432.000000 3.931169033 10.861687660 0.281303555 -0.585700989 -0.569504857 -0.414463073 0.401047409
1403636920051666432.000000 4.139836788 11.261984825 0.493514806 -0.652646959 -0.473848790 -0.468745857 0.360273093
1403636922551666432.000000 4.458758831 10.703429222 0.336636901 -0.683537662 -0.470188081 -0.464793146 0.309300661
1403636925001666560.000000 4.869521141 10.896110535 0.168175995 -0.715825856 -0.379559427 -0.495023936 0.313814104
1403636925301666560.000000 5.004549026 10.946897507 0.088364065 -0.723585963 -0.388754666 -0.502495110 0.269799620
1403636928001666560.000000 6.311934948 11.790740013 -0.221986532 -0.791806221 -0.280134231 -0.511521876 0.181419536
1403636930501666560.000000 7.838679314 12.509440422 -0.092579842 -0.764926970 -0.279085308 -0.542862117 0.205666840
1403636933401666560.000000 7.828129768 11.747614861 0.050996155 -0.818750858 -0.165340960 -0.538427174 0.111380994
1403636936051666432.000000 6.755214691 10.931311607 0.076792561 -0.836722612 -0.001071039 -0.547408581 0.015429674
1403636938901666560.000000 6.414436340 10.012467384 -0.202082738 0.815612912 -0.053208828 0.576146066 -0.000403063
1403636939801666560.000000 6.045913696 9.555339813 -0.210251942 0.802563429 -0.031621993 0.595669806 0.008345429
1403636940101666560.000000 5.879435062 9.398352623 -0.227350980 0.807107925 -0.047299135 0.588411927 0.010534924
1403636940601666560.000000 5.559593678 9.108362198 -0.329186976 0.813690901 -0.071626239 0.576496899 0.020693019
1403636941301666560.000000 5.148740768 8.656121254 -0.262466520 0.816115797 -0.063517071 0.573282838 0.035602018
1403636943951666432.000000 3.855473757 7.050707340 -0.279935598 0.816922784 -0.060882658 0.572267830 0.037946030
1403636946751666432.000000 3.158872843 6.591871738 -0.620696485 0.815903604 -0.037663441 0.576869547 0.010210115
1403636948551666432.000000 3.343929291 6.441506863 -0.931861579 -0.827822089 0.001053658 -0.558774650 -0.049802534
1403636948801666560.000000 3.463041782 6.511673927 -0.979153335 -0.819671214 -0.001890683 -0.571135342 -0.044046413
1403636950201666560.000000 3.942837000 7.063191891 -1.111449122 0.833706319 -0.019652300 0.551849842 -0.003057147
1403636953051666432.000000 5.206629753 7.990986347 -1.294447541 0.825010538 -0.018142890 0.564813435 -0.003755816
1403636954301666560.000000 5.806070328 8.407206535 -1.348135948 -0.826279283 0.000592684 -0.563202143 -0.008101266
1403636955301666560.000000 6.445729256 8.944846153 -1.389654398 0.816580653 -0.027841637 0.575867474 0.028242027
1403636955551666432.000000 6.598606586 9.102451324 -1.398528814 0.816218257 -0.034148961 0.575651288 0.035315622
1403636956051666432.000000 6.885519981 9.449357033 -1.420500517 0.815405488 -0.055880811 0.575864077 0.019280393
1403636956301666560.000000 7.015028954 9.607743263 -1.392578125 0.815164804 -0.066021249 0.575321972 0.012338432
1403636956551666432.000000 7.132857323 9.742421150 -1.400729656 0.812862694 -0.047368243 0.579485595 0.034740519
1403636958001666560.000000 7.493409157 10.333375931 -1.465332747 -0.791685939 -0.201197743 -0.553782344 0.161486834
1403636960901666560.000000 7.819016933 11.109252930 -1.632048488 -0.748135626 -0.324386120 -0.532266140 0.227507398
1403636963651666432.000000 6.919134617 11.674376488 -1.188085437 -0.541673481 -0.606006920 -0.391639113 0.431235760
1403636964001666560.000000 6.744774818 11.627683640 -1.122059226 -0.545813382 -0.601200044 -0.398468196 0.426461607
1403636964601666560.000000 6.420026779 11.475559235 -0.987957120 -0.531305909 -0.610704124 -0.405786812 0.424372137
1403636964851666432.000000 6.252474308 11.382861137 -0.983186483 -0.502786398 -0.634287715 -0.395171881 0.434423834
1403636967451666432.000000 4.262747765 10.192926407 -0.558402300 -0.465877712 -0.657817364 -0.346885562 0.479483753
1403636968251666432.000000 3.906126261 9.576628685 -0.713056207 -0.467454761 -0.654529572 -0.347963154 0.481662452
1403636968551666432.000000 3.787557364 9.288645744 -0.767248213 -0.469890773 -0.655271411 -0.344741106 0.480599195
1403636968951666432.000000 3.637655973 8.870727539 -0.774314702 -0.466367304 -0.658405542 -0.351450264 0.474854171
1403636969301666560.000000 3.499357224 8.476371765 -0.723370910 -0.479121953 -0.663578928 -0.334570467 0.467084408
1403636969651666432.000000 3.362120152 8.097724915 -0.635428786 -0.484645188 -0.669970870 -0.331107199 0.454561561
1403636972001666560.000000 2.378583670 6.778880119 -0.783903658 -0.475274593 -0.655646741 -0.329108387 0.485725254
1403636972401666560.000000 2.353204489 6.707466125 -0.812338233 -0.483713925 -0.662813604 -0.318120539 0.474866539
1403636972901666560.000000 2.364385843 6.649231434 -0.738767684 -0.477811635 -0.662645519 -0.331385732 0.471996278
1403636975651666432.000000 2.479064226 6.477868080 -1.050007582 -0.682499051 -0.459170192 -0.471645921 0.317660153
1403636978401666560.000000 3.257477283 6.398990631 -1.409525514 -0.761643469 -0.313440740 -0.521138430 0.223761037
1403636978701666560.000000 3.395471573 6.372390747 -1.395600200 -0.775435090 -0.318513036 -0.502972603 0.210400939
1403636979401666560.000000 3.777408838 6.456627846 -1.511568904 -0.765707493 -0.316810101 -0.517497003 0.213354707
1403636981451666432.000000 4.801592827 7.353973389 -1.661433458 -0.762455940 -0.287382782 -0.529173613 0.236743361
1403636981851666432.000000 4.958536625 7.500687122 -1.698711276 -0.769397497 -0.304391772 -0.525945783 0.196861118
1403636982201666560.000000 5.097630501 7.668304920 -1.673799872 -0.788658738 -0.300948352 -0.500699818 0.191695750
1403636982601666560.000000 5.319781780 7.920602798 -1.668671370 -0.771412730 -0.286843866 -0.524942100 0.216976196
1403636985451666432.000000 7.052692413 10.026148796 -1.717201352 -0.764860749 -0.295642644 -0.537647009 0.196263000
1403636988301666560.000000 6.737017155 11.890625954 -1.506543994 -0.749344468 -0.308245629 -0.525211930 0.260038614
1403636990801666560.000000 5.718807220 10.269540787 -1.172661424 -0.747743249 -0.332204819 -0.526763678 0.230304182
1403636991801666560.000000 5.187190533 9.524226189 -1.157349110 -0.757273853 -0.315764785 -0.520109951 0.237306952
1403636993301666560.000000 4.566724300 8.653967857 -1.007743478 -0.750955939 -0.314796984 -0.533173323 0.229552507
1403636993701666560.000000 4.384763241 8.481120110 -0.907389998 -0.725989580 -0.370579600 -0.513031781 0.269087791
1403636994151666432.000000 4.179466248 8.276179314 -0.849491358 -0.704271138 -0.391442865 -0.519017577 0.285299003
1403636996651666432.000000 2.730429649 6.401797771 -0.531947911 -0.702712297 -0.423715651 -0.487795889 0.297851652
1403636999151666432.000000 1.955225468 5.475701332 -0.061236143 -0.632022560 -0.506374836 -0.470129669 0.350870430
1403637000151666432.000000 1.580215812 5.255124569 -0.053740632 -0.636016548 -0.501192570 -0.468608677 0.353121668
1403637000651666432.000000 1.329775333 5.078101635 -0.030044850 -0.638144910 -0.500801384 -0.465523869 0.353916109
1403637002151666432.000000 0.491033912 4.371488571 0.087432474 -0.650998354 -0.494657755 -0.456478268 0.350916564
1403637002651666432.000000 0.234741822 4.133233070 0.071047179 -0.647493482 -0.498888284 -0.461715430 0.344501913
1403637003151666432.000000 -0.034967575 3.913947821 0.088626415 -0.652530551 -0.492353141 -0.460834920 0.345577210
1403637003501666560.000000 -0.222001582 3.770933628 0.062377777 -0.652977645 -0.485765904 -0.464460492 0.349182039
1403637003801666560.000000 -0.379080623 3.646195650 0.091846682 -0.655377388 -0.484319001 -0.461998194 0.349961787
1403637004101666560.000000 -0.529026628 3.519811869 0.085410364 -0.655914903 -0.493934184 -0.456889361 0.342135519
1403637004401666560.000000 -0.673841894 3.411988020 0.068444006 -0.655823469 -0.494334936 -0.454173833 0.345332891
1403637004751666432.000000 -0.831578255 3.300706148 0.144118816 -0.661098838 -0.475848675 -0.454335421 0.360687822
1403637005101666560.000000 -0.950744748 3.179248095 0.130419776 -0.668819368 -0.477314651 -0.450775325 0.348787934
1403637005401666560.000000 -1.018268347 3.086087704 0.066409498 -0.665139735 -0.484618485 -0.456465811 0.338190943
1403637005851666432.000000 -1.115475416 2.976550579 0.031483505 -0.663759470 -0.488302082 -0.450321585 0.343794882
1403637006351666432.000000 -1.201658964 2.894104242 0.056824133 -0.666251183 -0.489272892 -0.445716470 0.343596190
1403637006751666432.000000 -1.238721609 2.864708662 0.045846328 -0.652064860 -0.496685296 -0.444183439 0.361685455
1403637007201666560.000000 -1.246027350 2.854243994 0.005291421 -0.598989546 -0.554494262 -0.421905816 0.394643158
1403637007651666432.000000 -1.255158067 2.821535349 -0.044774253 -0.586519778 -0.572219670 -0.414913893 0.395481586
1403637008151666432.000000 -1.298751712 2.785949707 -0.094478443 -0.597279489 -0.563774288 -0.412235111 0.394307077
1403637008651666432.000000 -1.344230652 2.792792320 -0.092633516 -0.600996852 -0.552576602 -0.419548690 0.396788090
1403637009001666560.000000 -1.360120296 2.812363625 -0.115198210 -0.619498551 -0.542662680 -0.397625059 0.404515773
1403637009301666560.000000 -1.324831009 2.836634636 -0.163051441 -0.601667821 -0.560293734 -0.426745474 0.376769394
1403637009601666560.000000 -1.299291611 2.854644299 -0.190845266 -0.571671069 -0.541027784 -0.414074004 0.457191199
1403637009801666560.000000 -1.293157816 2.850637436 -0.197692081 -0.586109400 -0.531780005 -0.418175757 0.445886552
1403637010101666560.000000 -1.295682192 2.853819847 -0.203801855 -0.585693836 -0.531821609 -0.417607814 0.446914047
1403637010401666560.000000 -1.296041012 2.849100351 -0.209982783 -0.585871816 -0.531612158 -0.417258829 0.447256058
